"","V1","V2","V3","V4","V5","V6","V7","V8","V9","V10","V11","V12","V13","V14","V15","V16","V17","V18","V19","V20","V21","V22","V23","V24","V25","V26","V27","V28","V29","V30","V31","V32","V33","V34","V35","V36","V37","V38","V39","V40","V41","V42","V43","V44","V45","V46","V47","V48","V49","V50","V51","V52","V53","V54","V55","V56","V57","V58","V59","V60","V61","V62","V63","V64","V65","V66","V67","V68","V69","V70","V71","V72","V73","V74","V75","V76","V77","V78","V79"
"1",1,0.746274242905178,0.668975974033438,0.755433708148853,0.669759052470253,0.599670624605996,0.505306074366608,0.474301543649325,0.380789357027914,0.449228992258791,0.497151187236284,0.545546204709691,0.55416169395678,0.577766283408869,0.607314354677603,0.527240848640325,0.610171571937702,0.511743633381259,0.476279523381995,0.539590785547058,0.433909175268323,0.476414600083611,0.459116478385674,0.455203937363016,0.354300161686333,0.439863796262204,0.45510173329608,0.431950390854277,0.424810391117756,0.439186645742239,0.418651081600269,0.430430488041828,0.403539405918139,0.451603663320456,0.416872288758078,0.457474691988861,0.427366167751818,0.399824739512588,0.40776189503228,0.412421264196581,0.433183968479392,0.425664761624241,0.415929235747911,0.330959107877819,0.336050955187683,0.334408850029237,0.297917872457108,0.290874837666052,0.340846245322342,0.352661443271571,0.346399410850262,0.323427303717228,0.329806718816146,0.315722119442609,0.352305500148122,0.334956160318785,0.348024790847426,0.31088572584505,0.308189768291122,0.303314100138632,0.418989089882057,0.45484734249208,0.367015312332314,0.19881879982487,0.194452439554366,0.208395880217382,0.207658608788266,0.205065882487202,0.211428232207053,0.221567276557131,0.194018092837907,0.189089990915949,0.201851508476392,0.125360083130366,0.0314076765188983,0.0935855878703478,0.372561068048525,0.276854193472177,0.305057602541794
"2",0.746274242905178,1,0.844070087745629,0.785387647106087,0.578079445351318,0.494707426406513,0.406214769176279,0.388027126664898,0.325622635304095,0.369113829946744,0.417170780208375,0.47052774920988,0.500286020655995,0.521497005104201,0.550651865623112,0.447376720008501,0.537453999175101,0.461993724716734,0.436458120371897,0.460283035969178,0.35233621002403,0.388020941116772,0.385257990685179,0.363705043320112,0.288895646884003,0.36431832205768,0.385820688899151,0.370612475314645,0.371275500093441,0.381176878310465,0.361897384319662,0.384651868321503,0.354434191997347,0.37717884864004,0.362641677636123,0.378173572285865,0.374588630218352,0.356844122938825,0.36266880297874,0.352904413683868,0.378016388232413,0.394858123917222,0.373970520746031,0.321055421814837,0.311997848913025,0.309164883133761,0.277607326170962,0.260465678945052,0.288070002967686,0.317168091524158,0.317275402218336,0.293424533873902,0.293718548965495,0.282240470928896,0.304047854996946,0.294107110516349,0.314192010956316,0.288855386994416,0.266916968407175,0.25659132076898,0.389835307936035,0.414038339348115,0.350819835485752,0.171250743008974,0.175873498168409,0.193180728367549,0.184714926060746,0.176662732603179,0.195876808560102,0.202747170702637,0.176508208309523,0.172721195845782,0.204441932619111,0.138035634271769,0.0612717165366888,0.0707107370197514,0.296580191201055,0.264092259564377,0.288980538992548
"3",0.668975974033439,0.844070087745629,1,0.785058364539261,0.608028516770864,0.515939600115577,0.448851113587272,0.440128816120111,0.362889915252897,0.42920023767371,0.460202442515603,0.511482841076522,0.522746755041747,0.545219803414587,0.563778703977661,0.478223434653581,0.535557045733031,0.502407580266164,0.471286668234935,0.500360522407864,0.408470854874458,0.449847726722654,0.442001570605124,0.419724810589558,0.306976113329239,0.424359496186504,0.441648601595009,0.419193425937968,0.423029615734661,0.440442352354932,0.414233927471366,0.439739822821941,0.416707666130575,0.434150755133402,0.426146878756298,0.417998768199199,0.422818175235731,0.435559915826947,0.422068158199278,0.402088669692996,0.412646571443041,0.449221572447202,0.445301760236639,0.408954495625188,0.38308529259833,0.369457322917131,0.334545435734347,0.313644058956799,0.351669889161462,0.385081105985304,0.362844203633576,0.347492949515069,0.354959442952118,0.339667300428775,0.346112274686074,0.342721109958701,0.372383455334663,0.343846857597684,0.331370734655728,0.305201518382487,0.401414501818471,0.393442896488383,0.356979312726595,0.189040439465943,0.191317764240101,0.219317169191165,0.212995369779734,0.197319505844675,0.210212184504255,0.220929121110729,0.204805840434401,0.196955633852103,0.221116420943409,0.143013864226833,0.0632475771582204,0.0789136794732952,0.334759089825193,0.284200290061177,0.316592896391921
"4",0.755433708148853,0.785387647106087,0.785058364539261,1,0.631647693996502,0.534225670275062,0.452292268024187,0.435552954707208,0.358071370374576,0.42152598185359,0.460382292273995,0.498856547686855,0.522449133709518,0.549554470717083,0.587450849673095,0.496316337064252,0.588746703446374,0.52117128909953,0.489586566699243,0.509497165839717,0.380858461999118,0.426711128109192,0.427966241947016,0.410805378456397,0.302213842436995,0.403532648607067,0.421813712155178,0.411641853240124,0.421510638582337,0.441127863073614,0.422804703394575,0.41463617826776,0.38868114770054,0.429538755686667,0.398081564800773,0.411432455256549,0.403101974141789,0.408922994989209,0.405464411594033,0.407489130659439,0.414747530643241,0.42715602622555,0.405208007673223,0.35141537512631,0.346932955102602,0.353807017018908,0.318295889693352,0.302948190990683,0.337039821904373,0.362790840507009,0.343250935744485,0.353311297918557,0.355717005306962,0.32489535899559,0.351004262164898,0.338064935411552,0.346399806194294,0.321244968096123,0.303866789713524,0.310211371333465,0.405285297210105,0.411933841063202,0.365882172180172,0.205555625752536,0.209601153426928,0.23272620523319,0.225894617144633,0.210133992243514,0.23796189387462,0.235938580677564,0.221546409581372,0.210195958010462,0.245060951158833,0.121523144610913,0.0704862730162245,0.0929204807886593,0.319138241848376,0.28641706596567,0.325590035217759
"5",0.669759052470253,0.578079445351318,0.608028516770864,0.631647693996502,1,0.903969155875666,0.836103307515909,0.820295591836929,0.680056295234805,0.780587454020185,0.773503377041005,0.821627730898806,0.818846621967741,0.813707997816156,0.812709622546877,0.764297500679601,0.748205464911306,0.750417836877284,0.70024516976244,0.718765433941362,0.662756634325451,0.759674402446945,0.750494063986328,0.752071597015125,0.551338497019179,0.735423112159988,0.68603217058481,0.639327019259427,0.624075623457299,0.595106085509843,0.546976929811102,0.564514432399941,0.54585402419212,0.611811753493957,0.555520737521375,0.637096556566071,0.645705713648874,0.686360046946542,0.649632270256826,0.634061650337279,0.62229303036681,0.672735238617493,0.675023547723977,0.514490813139883,0.50055758085096,0.505867551624194,0.466468999299718,0.451074461219919,0.511290525422996,0.536945437893774,0.505015469099895,0.508287162219786,0.518643435605009,0.442317347694295,0.488802601631044,0.466663077367479,0.503913347565913,0.448928778137022,0.397692782649545,0.431522686808139,0.515520199424884,0.42223405736387,0.428761169647336,0.285769029738309,0.284453615457942,0.332198005442345,0.331920593444917,0.313842246816872,0.317184583962575,0.326127067394045,0.287364667772669,0.268448764382915,0.290142777277472,0.212139776839728,0.0703282561258479,0.124340541364235,0.50104680848529,0.403694231009691,0.439994660574952
"6",0.599670624605996,0.494707426406513,0.515939600115577,0.534225670275062,0.903969155875666,1,0.875277152591701,0.852755792650367,0.747596869775611,0.799361320634726,0.788254411499968,0.806899688914619,0.799001350711228,0.790812534397435,0.78015348633195,0.779853862017539,0.716807786073913,0.7321241973387,0.697516302563725,0.714116224450141,0.663387302887372,0.790584005362072,0.776443850167158,0.768287816079148,0.564147558415143,0.733962915489171,0.70749651091645,0.639155778872362,0.64545935261918,0.612906040065837,0.589388669327476,0.595739289965942,0.564796460660108,0.622343845361758,0.555502914196694,0.648515513438207,0.650005054147412,0.694303338051383,0.642161612537921,0.652278285228208,0.646581191895457,0.682952488146114,0.706198945014434,0.527675521390265,0.511100523774527,0.514137975426614,0.470725216569751,0.463038253635278,0.525070244378547,0.544460918432922,0.501027544946039,0.50863806956976,0.541770277520497,0.456524943935836,0.510377800385049,0.484371885186954,0.524172263047296,0.467574296907118,0.409314944290771,0.438460324960075,0.489287136670909,0.372420985282946,0.381081449948692,0.292721880423225,0.303846552466035,0.349707193348155,0.342180260222375,0.330609290866776,0.338505146297589,0.332513330911501,0.300505483212867,0.2637310294725,0.304092639740517,0.221739179538452,0.0767510321596165,0.143514492925504,0.504422316795294,0.406677513891785,0.455297851361482
"7",0.505306074366608,0.406214769176279,0.448851113587272,0.452292268024187,0.836103307515909,0.875277152591701,1,0.946054869163391,0.753318790281804,0.844306871047387,0.804539145558636,0.827849261776508,0.81887615399374,0.806888654576239,0.782412528044039,0.810892192804884,0.69293779036874,0.751680115729766,0.697396162128126,0.708494745916696,0.702742786276498,0.829733573283799,0.788910287483146,0.801320456429656,0.566399940546991,0.785100372522004,0.716173239213841,0.614890366574407,0.619198703606891,0.570716978063867,0.57178783093612,0.57437296863874,0.54538312460539,0.592448131849122,0.527631608478443,0.618064157337389,0.633144880209968,0.774843016420374,0.665250440963137,0.648511093877448,0.654708912739377,0.707002227620477,0.695451302366262,0.516286099889582,0.494220768782451,0.483913687356209,0.433067667856439,0.428166630239356,0.486427052916263,0.517127421170851,0.460376427186298,0.469958622968412,0.503421892509809,0.42172523061615,0.47543459421018,0.448992614340799,0.479165835267293,0.425980449754357,0.371919206272508,0.4168059378844,0.443179848519,0.329820466842382,0.374789421601268,0.236588465455057,0.255204357552337,0.286218532128004,0.297635675052676,0.277652576366095,0.29860885496974,0.300602898465599,0.26846299498073,0.227832464588259,0.289441631880324,0.209619091364222,0.0948794501650391,0.128579223904695,0.491241618575414,0.353438986349361,0.440140903533182
"8",0.474301543649325,0.388027126664898,0.440128816120111,0.435552954707208,0.820295591836929,0.852755792650367,0.946054869163391,1,0.799965385830833,0.868522894192097,0.825633291297765,0.848787807128233,0.833580492335104,0.810277665524416,0.796231069728503,0.821696194556568,0.70369472378146,0.761527339531559,0.684488803624089,0.69081504052594,0.686183364084196,0.823492989874351,0.779493033175633,0.79637182205159,0.562665152441021,0.79712920362818,0.727625106069638,0.620262882098731,0.621690529019338,0.566492991152716,0.565609444855569,0.561123410300588,0.536695034653494,0.586038958201292,0.506056219434752,0.596393861202361,0.619091554449939,0.788759170359915,0.670740089832097,0.64659027648727,0.664699481172519,0.725914018935704,0.698432407030553,0.517971756206917,0.494751114381941,0.48114010139009,0.444069036150337,0.423074143446846,0.482621935217326,0.514010472296735,0.463952320315709,0.469618848575356,0.506639728668142,0.420305198645945,0.474018352037681,0.444936001731549,0.471807515689765,0.431544106243634,0.364112636684417,0.403925962756286,0.439742635385037,0.330162684958026,0.374101533978404,0.23410547688056,0.250853769353418,0.288794010504024,0.303759031061738,0.277614558701,0.306479617786942,0.304727156338223,0.266320673491807,0.234333916030579,0.297145532405888,0.223308342967554,0.0955079541894251,0.143983427611644,0.484503793134453,0.357730107609637,0.436361746648781
"9",0.380789357027914,0.325622635304095,0.362889915252897,0.358071370374576,0.680056295234805,0.747596869775611,0.753318790281804,0.799965385830833,1,0.823595967553735,0.77071492029366,0.73708521710914,0.697350170951662,0.665296879795884,0.640249925334875,0.656419516870013,0.572456245733649,0.587565089328554,0.576203009109701,0.578783539137935,0.560329130701943,0.633121140242643,0.609925265945587,0.619636067035605,0.474522955287953,0.635068118903387,0.61520375812915,0.528025562152135,0.539238715961436,0.506448719568464,0.483174561237628,0.494486049486101,0.476373731750784,0.510204354072839,0.457433725981265,0.530638461126879,0.513248437705188,0.594423337432146,0.546002562676633,0.540060206926843,0.541267941341427,0.587762869190443,0.602097140751458,0.480837443984926,0.484673839655539,0.463648483198666,0.437652616948381,0.407558613651348,0.46725956389481,0.485193150202913,0.441641854608409,0.432273022423889,0.47308868892175,0.405257691595949,0.429104953869486,0.404328483075855,0.458948453978891,0.421822118521458,0.341989779676578,0.375912763624558,0.391283447585576,0.296164114691934,0.335283852504071,0.205633550238706,0.229306688200899,0.274129152229276,0.281512808011373,0.261092945128927,0.272080788477353,0.276918186782992,0.251184777653005,0.213472120923453,0.263921774053061,0.19316121868623,0.0761839693063407,0.17562240884628,0.443170699824761,0.350990704612612,0.421776321527735
"10",0.449228992258791,0.369113829946744,0.42920023767371,0.42152598185359,0.780587454020185,0.799361320634726,0.844306871047387,0.868522894192097,0.823595967553735,1,0.846169777706607,0.847675396921284,0.796204882610003,0.775786229347693,0.746188057716553,0.732011629540594,0.665489496728828,0.716912113414378,0.662995879069405,0.664164798279691,0.669316239881679,0.763153076410092,0.73802292632231,0.753425571135748,0.543276667868037,0.778837518608499,0.709013068291786,0.620535755894662,0.599004831827137,0.560655684755787,0.512653965098064,0.537051106218686,0.513823205028825,0.570902642057785,0.506903884183942,0.579048251547674,0.579509571448534,0.706056728914749,0.64934545865737,0.646195447351778,0.622186457306912,0.701957135532062,0.696955069244051,0.534023610204737,0.534390416330358,0.527333369932266,0.496618073897887,0.458724610001561,0.531223152187305,0.5500066641396,0.512042133733361,0.502686435316383,0.539698167572208,0.448194665184619,0.471987857131814,0.456643297745276,0.502512399730376,0.472084461907889,0.383072763878825,0.414149078406902,0.44782206793074,0.339421434930559,0.383692791642396,0.233523804729235,0.258341277648826,0.30772638248092,0.321880969428381,0.276791702265895,0.305515795191555,0.304462815681887,0.281077036665155,0.236855379335505,0.290102231088824,0.201323809118985,0.0734234051828972,0.144808398870251,0.50785317874018,0.393531567072407,0.464974778460052
"11",0.497151187236284,0.417170780208375,0.460202442515603,0.460382292273995,0.773503377041005,0.788254411499968,0.804539145558636,0.825633291297765,0.77071492029366,0.846169777706607,1,0.89292100931379,0.844306051743958,0.81035710380702,0.770947597097428,0.710582632742405,0.716963538868397,0.743954060702152,0.722480748556045,0.727951913825718,0.685932954994198,0.758745518984564,0.742882038926285,0.739193339597463,0.557638480599599,0.778388815611248,0.77567314464688,0.693115564084159,0.712202235090629,0.685642332739781,0.6114972471163,0.629468699897662,0.611984576262752,0.67555272151204,0.611649455112616,0.654757841869362,0.644577962991677,0.702152329492138,0.690894142404868,0.669474125490284,0.63603357941514,0.69138224738233,0.727415482771741,0.602577892357504,0.618598338788848,0.60719726593998,0.557388416342722,0.525998947398154,0.613885258505778,0.652293298385357,0.565564642307024,0.557597798486014,0.607627725884271,0.532745480142928,0.562252461509556,0.517434550117879,0.57396823531507,0.524069989036224,0.451913814588318,0.488047729388099,0.517049792549674,0.425140827383189,0.449441669073272,0.269697476847246,0.288266829942078,0.342410290488863,0.35189157574499,0.311979857741664,0.33865606889826,0.327167940864089,0.284772512817245,0.274359906046112,0.317893734449783,0.202195101441664,0.0743818884238134,0.176880487997274,0.548574960625603,0.429261236959296,0.528644947729009
"12",0.545546204709691,0.47052774920988,0.511482841076522,0.498856547686855,0.821627730898806,0.806899688914619,0.827849261776508,0.848787807128233,0.73708521710914,0.847675396921284,0.89292100931379,1,0.909903404465977,0.866375205069116,0.828021463725865,0.74217569435106,0.78319770749856,0.795588749080741,0.751933946129842,0.734323496835627,0.692698027509908,0.771470748878207,0.744074752648667,0.765035452662594,0.565486155021001,0.800819280384819,0.743387880161948,0.681889007856334,0.659588128005549,0.631032115867609,0.573581174117863,0.580300976613343,0.564038473447763,0.62597743707289,0.563695346226866,0.635484460265056,0.626730788976246,0.713455396449794,0.689795181810507,0.658443842530817,0.626355075118628,0.714114419107264,0.724328145043421,0.568288805199441,0.555530296206097,0.554117036424384,0.499609366775415,0.483047147525311,0.554372386876914,0.595714386232094,0.524440006014661,0.522866423595285,0.559356682575112,0.472659075484234,0.49302772166963,0.474883514935468,0.53391750940671,0.482093358308654,0.418645581738647,0.452914181012536,0.516119021972753,0.434446235038211,0.432728985416246,0.264632084841488,0.270918427699016,0.331213217256935,0.335099822852584,0.300607551129527,0.318910409048414,0.317239935169753,0.278037227850473,0.25742312690731,0.29922485250035,0.195917201598196,0.0697594743361773,0.147686618136285,0.511405751132966,0.415460316535506,0.473915408929401
"13",0.55416169395678,0.500286020655995,0.522746755041747,0.522449133709518,0.818846621967741,0.799001350711228,0.81887615399374,0.833580492335104,0.697350170951662,0.796204882610003,0.844306051743958,0.909903404465976,1,0.90038084281924,0.872310246960635,0.750425001244937,0.793718610432605,0.820290889266595,0.737302007558884,0.714374186657907,0.660470631287304,0.766596983034253,0.738226924734142,0.749764532458801,0.551741352279108,0.785205773960905,0.73512737756731,0.68006373682983,0.668116974946407,0.624632325602698,0.579846682438059,0.588474019239338,0.556896353162069,0.617029696565484,0.557020508735358,0.618782424093809,0.630886664675866,0.724259076845839,0.688370756114965,0.634579099878749,0.615576822444452,0.676518422946552,0.706444775871585,0.547608147667095,0.533171498646624,0.525469928831926,0.471257234887873,0.457176863436506,0.527705167533545,0.5844736979916,0.490062910028422,0.488519047410601,0.537826557007457,0.460424743841863,0.49043408188424,0.463870765163151,0.502274377981778,0.450456144615038,0.392283263502522,0.443942779547705,0.518905502608732,0.426646911027025,0.411247148635754,0.247441656103812,0.265689304861854,0.317581706757403,0.31580190743352,0.286209944165672,0.304423901098486,0.296436666854619,0.258372851239022,0.255104071036238,0.285674195364241,0.169753719625427,0.0513614680056953,0.145644185681612,0.49179507249639,0.38941469664922,0.45456737776666
"14",0.577766283408869,0.521497005104201,0.545219803414587,0.549554470717083,0.813707997816156,0.790812534397435,0.806888654576239,0.810277665524416,0.665296879795884,0.775786229347693,0.81035710380702,0.866375205069116,0.90038084281924,1,0.879347733335843,0.750713571013375,0.789374904157329,0.811786490345114,0.752561273646286,0.72720578708166,0.669446615742782,0.764302281833912,0.740052322837279,0.744589588938559,0.546997535020592,0.748212972311479,0.716829530299117,0.684639357129654,0.674336086941305,0.617647101877575,0.569107647422474,0.582532163321216,0.550773334332973,0.615299718011733,0.562011055951894,0.62768515085413,0.638407098979387,0.706644380256423,0.692539670064426,0.654582890668731,0.626899915375644,0.696136488316784,0.699259573332806,0.536281508872131,0.522979493858443,0.528815504354485,0.475839396891791,0.466268621902451,0.529587896512263,0.581863168708853,0.506258325324069,0.515161757129244,0.544379394924096,0.464543986287916,0.493876964395606,0.477384688961213,0.503982676798812,0.452530923049603,0.397019222422283,0.452301261310403,0.539049195772146,0.432025533489165,0.421474773563406,0.262563313364293,0.279534827390727,0.32325697975945,0.317094604643864,0.305141417249179,0.309386622358491,0.30441056179867,0.267843810011663,0.265962010425653,0.31606913952077,0.176145507290117,0.0517651039238981,0.14276425246961,0.490310545389297,0.395734534156927,0.460614304284162
"15",0.607314354677603,0.550651865623112,0.563778703977661,0.587450849673095,0.812709622546877,0.78015348633195,0.782412528044039,0.796231069728503,0.640249925334875,0.746188057716553,0.770947597097428,0.828021463725865,0.872310246960635,0.879347733335843,1,0.804501008622976,0.806130465733519,0.820484974649863,0.716049480374452,0.709533185096267,0.632119844721738,0.745325038074794,0.712961321302103,0.735991956333888,0.558659185234302,0.737595599355624,0.705713476617761,0.664116681303287,0.655375430212451,0.607110309141884,0.569998095076489,0.582073384065361,0.55550403264091,0.602242687779191,0.537465591824386,0.613451123419633,0.625182639676072,0.70482643206304,0.671196014352744,0.651392154530218,0.652873741281926,0.707772503774822,0.68194529678006,0.527388148796935,0.500900734511276,0.511684124199336,0.453135331550675,0.453674676294189,0.495359344614155,0.54630184679054,0.488670031154411,0.509213014590212,0.527419794345346,0.442028766204872,0.489472379081733,0.467813980957524,0.497816425907255,0.44424256669266,0.390377942083703,0.42702897208212,0.55938051471673,0.496599753074682,0.459661499118649,0.287784667314914,0.29554301501046,0.339761430176966,0.332118499969165,0.315984450226441,0.331940133317979,0.319759519321531,0.276832324849233,0.286245369275881,0.334279398491347,0.206559867892273,0.0765924375633986,0.141493156438834,0.489029951471851,0.388964487418298,0.426854336199506
"16",0.527240848640325,0.447376720008501,0.478223434653581,0.496316337064252,0.764297500679601,0.779853862017539,0.810892192804884,0.821696194556568,0.656419516870013,0.732011629540594,0.710582632742405,0.74217569435106,0.750425001244937,0.750713571013375,0.804501008622976,1,0.789402217645638,0.758246819023036,0.678524727802422,0.690948612224295,0.650426282147899,0.802129144820687,0.743350869288978,0.778493343650226,0.64166090489456,0.746252880701749,0.704656607117065,0.630379112913972,0.626564032855788,0.581247153739374,0.600381792281522,0.596206918920349,0.567393668879521,0.585694859167162,0.515139081422443,0.656685797481434,0.671307979004802,0.76952490337744,0.670808620144618,0.701028246350076,0.742026013573426,0.737963606144859,0.699972066071578,0.506530411135503,0.482043579700811,0.480252459251216,0.414112599626181,0.450536802867115,0.460592599243531,0.477300160261077,0.461979061988348,0.497681272334639,0.507479859925511,0.428184137051528,0.502017195116615,0.50012579500567,0.494991328839456,0.431783755320405,0.372933346767752,0.416129220834125,0.511888789964816,0.379983157344528,0.388380517389894,0.273091296332362,0.27880205667153,0.317736296533417,0.303054090798534,0.299655091187709,0.33281086726831,0.301168876709227,0.263477891676681,0.254101293031778,0.312114861892305,0.248650940367768,0.117051814692467,0.124932955003642,0.486534074864128,0.365741440932447,0.393101472786809
"17",0.610171571937702,0.537453999175101,0.535557045733031,0.588746703446374,0.748205464911306,0.716807786073913,0.69293779036874,0.70369472378146,0.572456245733649,0.665489496728828,0.716963538868397,0.78319770749856,0.793718610432605,0.789374904157329,0.806130465733519,0.789402217645638,1,0.84691022148026,0.739932031548191,0.698527462148963,0.616929703928519,0.70067313917708,0.670931256348586,0.695916326147141,0.573474418998249,0.694587894574698,0.663060572150108,0.649846706715773,0.623794204991774,0.585615624748285,0.573568144136893,0.558891102075868,0.542532257655101,0.579744829720705,0.527393639002726,0.612448720240386,0.638514439760214,0.670041943659902,0.663820519685459,0.64688127455407,0.62897701612868,0.678628890909223,0.633622524943069,0.491480371037376,0.473273450744337,0.48700062333373,0.43373729460211,0.442634486817064,0.464940407680369,0.493441891749999,0.465559846745806,0.513905409509164,0.501870637016576,0.427628968056199,0.491925705424366,0.482776829663831,0.484350304100123,0.431514359804746,0.389194990647826,0.450195335252269,0.577033698184562,0.522923693229721,0.467726619449661,0.29115574506996,0.298931915057244,0.341702989429119,0.308890378308408,0.310604457242406,0.324231808817669,0.301014407572521,0.251050030884859,0.280586687474653,0.311822091643177,0.195113780035247,0.0839563074908617,0.124941762460649,0.465677384200039,0.388837620362442,0.410454675786453
"18",0.511743633381259,0.461993724716734,0.502407580266164,0.52117128909953,0.750417836877284,0.7321241973387,0.751680115729766,0.761527339531559,0.587565089328554,0.716912113414378,0.743954060702151,0.795588749080741,0.820290889266595,0.811786490345114,0.820484974649863,0.758246819023036,0.84691022148026,1,0.766473608581152,0.738876532088414,0.673690878030859,0.752137667970315,0.747037029705522,0.753814716135554,0.553772411960047,0.734129819992777,0.710745262979384,0.688333264636999,0.662994660153021,0.614810405155146,0.567819101467322,0.591190759145389,0.54985899763155,0.592985134422999,0.544074009053521,0.605657441048941,0.62232292674101,0.717045641755891,0.706384111322883,0.689785234457644,0.631533030543196,0.705081425989812,0.687835012781015,0.547562464473367,0.525319766387082,0.531829926112341,0.463705536659298,0.460236414990687,0.498954483014505,0.538717366909225,0.483732774509395,0.512036098478889,0.533091894250259,0.449955892816188,0.49765620099793,0.477903845565764,0.505635988241113,0.45508485765324,0.414412250853298,0.472644392086298,0.533903477274369,0.425823127769006,0.419521719561151,0.27475544777521,0.285055061847848,0.325497433624633,0.315512505818473,0.300117107788482,0.31557115694499,0.294254912086071,0.251777380327662,0.270683791005024,0.311546538192436,0.205793134984116,0.0793354103131435,0.132272246041231,0.477046493108612,0.403765471446229,0.438339429525878
"19",0.476279523381995,0.436458120371897,0.471286668234935,0.489586566699243,0.70024516976244,0.697516302563725,0.697396162128126,0.684488803624089,0.576203009109701,0.662995879069405,0.722480748556045,0.751933946129842,0.737302007558884,0.752561273646286,0.716049480374452,0.678524727802422,0.739932031548191,0.766473608581152,1,0.809067513508603,0.658489196594059,0.682962124378605,0.666764882784261,0.679489294110499,0.528995940163148,0.694382943568296,0.682709800974207,0.680657337532339,0.687541757840265,0.676878267081559,0.619626246097148,0.626626512778972,0.602377665702452,0.67859932726211,0.618759295867218,0.680386383370123,0.672262629723771,0.660873691855977,0.682746369922922,0.651832867799165,0.60236553795021,0.663926319576721,0.686430051002193,0.583215106638868,0.574616353801117,0.591584654002225,0.535753291016863,0.538572467866014,0.583404726399563,0.613696177287835,0.5467231769349,0.583544074539561,0.604963538016585,0.527023808530522,0.569592926402758,0.555275404230619,0.590134806569357,0.511743376703621,0.477377589387636,0.539663871511456,0.599573708724103,0.445173182715926,0.432361087509264,0.333832886804723,0.361691856636438,0.406886644543258,0.388493440116848,0.38280959827878,0.410714625052471,0.378835850422158,0.330319372422153,0.339179566946277,0.370051979622637,0.205803369437554,0.0941939525873452,0.165528611658233,0.510432536195534,0.441690865117901,0.508300129426432
"20",0.539590785547058,0.460283035969178,0.500360522407864,0.509497165839717,0.718765433941362,0.714116224450141,0.708494745916696,0.69081504052594,0.578783539137935,0.664164798279691,0.727951913825718,0.734323496835627,0.714374186657907,0.72720578708166,0.709533185096267,0.690948612224295,0.698527462148963,0.738876532088414,0.809067513508603,1,0.773954195529667,0.760172482242863,0.753893577104124,0.752776714901982,0.591791363873776,0.754656404822772,0.764938564835147,0.742168346073437,0.748000227973996,0.737197438820443,0.693897150023295,0.726283643321926,0.690841420627143,0.738458198811955,0.724638782547374,0.759275871250166,0.722592390454106,0.708513862209767,0.760319723537711,0.729820210097366,0.643444186015167,0.685027258365189,0.762457516788913,0.654436868531307,0.659653939621139,0.682892743027774,0.584190163155564,0.622772626184387,0.657095790017793,0.677299534707824,0.62030428176892,0.632737129450717,0.66107774494713,0.61194164193162,0.63918819942709,0.638483058345201,0.664637976523176,0.576093363566647,0.546198213771806,0.60457194953548,0.618848716058164,0.436713537354823,0.436127488040005,0.33739404192071,0.356444435819917,0.409919588481173,0.396905926124441,0.385725620338541,0.388694129544224,0.385830247218332,0.341930238734992,0.340159555337755,0.370807419003654,0.23252001354523,0.104146889029046,0.182821001096949,0.550181712808323,0.481137650547604,0.549206327599187
"21",0.433909175268323,0.35233621002403,0.408470854874458,0.380858461999118,0.66275663432545,0.663387302887372,0.702742786276498,0.686183364084196,0.560329130701943,0.669316239881679,0.685932954994198,0.692698027509908,0.660470631287304,0.669446615742782,0.632119844721738,0.650426282147899,0.616929703928519,0.673690878030859,0.658489196594059,0.773954195529667,1,0.851557053134548,0.824891884571023,0.77298378248585,0.588791301650069,0.741577121697264,0.713290710259649,0.672547281190243,0.651700892672812,0.642208897383302,0.571326373602569,0.636171919352792,0.592971498258335,0.630982799045421,0.626851127753731,0.67806457852809,0.651391626403913,0.717964733467102,0.733690693335344,0.730587655081762,0.639036270709856,0.6646218770262,0.709399647045475,0.604889867700465,0.605920436518805,0.616780723765845,0.514750721858151,0.548513591113303,0.586730054631202,0.607729996016857,0.525600478383524,0.540068839953032,0.57389040647027,0.535775358808778,0.555207879704612,0.553997972041314,0.584780438762499,0.517498714992491,0.481959001602569,0.528148607848415,0.497451868755948,0.324625070439656,0.379492573272771,0.282725138005807,0.29051482083554,0.33014154735142,0.325840601174764,0.308092944246062,0.306003464801713,0.307242113292884,0.264559841731868,0.256214860675247,0.292440287899047,0.189430328799618,0.0932132584927193,0.130700389206814,0.502833371586937,0.415360155231208,0.465144192364672
"22",0.476414600083611,0.388020941116772,0.449847726722654,0.426711128109192,0.759674402446945,0.790584005362072,0.829733573283799,0.823492989874351,0.633121140242643,0.763153076410092,0.758745518984564,0.771470748878207,0.766596983034253,0.764302281833912,0.745325038074794,0.802129144820687,0.70067313917708,0.752137667970315,0.682962124378605,0.760172482242863,0.851557053134548,1,0.912997583607469,0.862731231549115,0.628884978452683,0.817234162367588,0.782687806006629,0.679303546742003,0.673795470205543,0.64689097510663,0.633233986047464,0.652407128311166,0.613966138782115,0.635988026259769,0.588945771676042,0.677739558612446,0.677651739696329,0.802228125605738,0.745457069726907,0.764691718833636,0.732497800126809,0.748094628323954,0.783574306779604,0.587461958893536,0.576638643031805,0.570069950769529,0.491405282420215,0.498825445795295,0.544890486760225,0.579263973446238,0.515404682004851,0.51328368955597,0.546521102313412,0.494048351662847,0.543290934806578,0.531533938029737,0.551397438008343,0.487398515395746,0.433486767249294,0.473362062505908,0.484084613802945,0.34956277133579,0.386770912360146,0.269350039381195,0.271213517154452,0.307232557380858,0.308704552952914,0.293060030806529,0.308187065566987,0.307294599361549,0.276544065613717,0.258630760596363,0.307621401211245,0.217860209582214,0.122505462850607,0.118230907889398,0.517545038076869,0.401514965438131,0.454273535634918
"23",0.459116478385675,0.385257990685179,0.442001570605124,0.427966241947016,0.750494063986328,0.776443850167158,0.788910287483146,0.779493033175633,0.609925265945587,0.73802292632231,0.742882038926285,0.744074752648667,0.738226924734142,0.740052322837279,0.712961321302103,0.743350869288977,0.670931256348586,0.747037029705522,0.666764882784261,0.753893577104124,0.824891884571023,0.912997583607469,1,0.860665392198371,0.616070144395257,0.794132270287905,0.786872001415505,0.715776628581371,0.684097924491852,0.673144141729717,0.622621942705358,0.668303874613356,0.616072806665023,0.652612519896501,0.611511963261502,0.688679427751631,0.677745488315684,0.748570978718348,0.754029205583413,0.780823347075642,0.697468344684032,0.700474208443474,0.782378441396024,0.60566440005685,0.608011791319085,0.603221055664102,0.521002040769997,0.53445008086877,0.578901993648387,0.601582703598333,0.532286288484357,0.525697539762917,0.566437114531694,0.51986921469602,0.560483011535286,0.556393760900157,0.575646486666368,0.513747334382,0.444054910660039,0.503139439644147,0.50363974251069,0.347495015513679,0.387250919513852,0.276384043923471,0.277022418977279,0.310778186924742,0.30821539662758,0.299264960957042,0.314264463297741,0.310271773608799,0.278666433862944,0.255541011359237,0.299704721079964,0.218956751759072,0.11663857992666,0.132299419405959,0.508159990537773,0.421375342608037,0.467973160262423
"24",0.455203937363016,0.363705043320112,0.419724810589558,0.410805378456397,0.752071597015125,0.768287816079148,0.801320456429656,0.79637182205159,0.619636067035605,0.753425571135748,0.739193339597463,0.765035452662594,0.749764532458802,0.744589588938559,0.735991956333888,0.778493343650226,0.695916326147141,0.753814716135554,0.679489294110499,0.752776714901982,0.77298378248585,0.862731231549116,0.860665392198371,1,0.726774389581424,0.835323131798977,0.775995188457008,0.718010469904108,0.651457922200703,0.607259517947416,0.584411432837234,0.633023387544198,0.56436277917506,0.603613390719977,0.585165492968738,0.685644206016468,0.676742639264849,0.777004543013053,0.757799815215542,0.762388941479567,0.708537618455458,0.713777777359349,0.772538906334748,0.568331753314893,0.539483311052958,0.568841156866813,0.46535937060736,0.514331564486126,0.533700291296409,0.555542844521357,0.492741247418745,0.517980967489483,0.55772663511009,0.505710994113716,0.541208742786875,0.541709576555191,0.541248133542935,0.463425263625182,0.413977556226743,0.490100657584604,0.489376549518937,0.325221419053767,0.360285997136618,0.284335292787606,0.275846139596975,0.300367548133742,0.292217447538909,0.288344794910373,0.293279673401965,0.285397306927788,0.253368912380974,0.238302766190943,0.28539339445818,0.218617830337839,0.121278346978822,0.157880056718035,0.486576108388906,0.372419492549703,0.422740614982305
"25",0.354300161686333,0.288895646884003,0.306976113329239,0.302213842436995,0.551338497019179,0.564147558415143,0.566399940546991,0.562665152441021,0.474522955287953,0.543276667868037,0.557638480599599,0.565486155021001,0.551741352279108,0.546997535020592,0.558659185234302,0.64166090489456,0.573474418998249,0.553772411960048,0.528995940163148,0.591791363873776,0.588791301650069,0.628884978452683,0.616070144395257,0.726774389581424,1,0.754405530223748,0.735066146838054,0.732721682501763,0.617736839278121,0.566417859115218,0.544842054906542,0.602262429189674,0.523824036761686,0.549150212029893,0.62186062193399,0.707892930366481,0.662017446490188,0.631458883960504,0.734760011601878,0.69372758513327,0.645475998884511,0.536822822427861,0.663394432825888,0.528944557403915,0.545654977859125,0.632515973458271,0.447555193140205,0.607543749646892,0.589118064527543,0.557993711068098,0.485877993203751,0.552944006704357,0.571931302826726,0.579943099351953,0.55565547130005,0.592215574802582,0.552200586710122,0.440755499015053,0.377970189688151,0.474544085297582,0.48233447795663,0.281128153840057,0.296981063999022,0.244643809855656,0.238824514647978,0.26820075591888,0.261635260820628,0.255049423205138,0.260585786408759,0.241382936407774,0.206856221446917,0.192431323653316,0.216169925884387,0.163914934779394,0.0631495969672499,0.0918613190231255,0.421496300420269,0.305587714118088,0.339716667660106
"26",0.439863796262204,0.36431832205768,0.424359496186504,0.403532648607067,0.735423112159988,0.733962915489171,0.785100372522004,0.79712920362818,0.635068118903387,0.778837518608499,0.778388815611248,0.800819280384819,0.785205773960905,0.748212972311479,0.737595599355624,0.746252880701749,0.694587894574698,0.734129819992777,0.694382943568296,0.754656404822771,0.741577121697264,0.817234162367588,0.794132270287905,0.835323131798977,0.754405530223748,1,0.861363315463369,0.79673114318429,0.730779564590229,0.68350707974831,0.642673091380084,0.686932459697289,0.650155063266468,0.705362259351421,0.674677453316135,0.746553415106827,0.730081358500631,0.811722517552969,0.819769766734936,0.76347923750823,0.704203120524345,0.696476315557373,0.804408983437546,0.636119858564336,0.650284880405027,0.683905853220471,0.581859689563321,0.639014264076918,0.673857392704756,0.661165103127503,0.598530747763199,0.616401607947913,0.665000813617873,0.630580685719745,0.621715654608858,0.62717801047371,0.639098934178299,0.555307522477734,0.462935823575912,0.535907814642793,0.545162517061725,0.359196943095309,0.383510628294805,0.282339657009339,0.296094831397325,0.334444894892215,0.346383185920945,0.326145659086486,0.350568537129229,0.338968438259356,0.294751915924651,0.269971156310717,0.306330419043886,0.193116579353971,0.086598834170199,0.112518480011374,0.521579635365598,0.415779566638757,0.486332775950493
"27",0.45510173329608,0.385820688899151,0.441648601595009,0.421813712155178,0.68603217058481,0.70749651091645,0.716173239213841,0.727625106069638,0.61520375812915,0.709013068291787,0.77567314464688,0.743387880161948,0.73512737756731,0.716829530299117,0.705713476617761,0.704656607117065,0.663060572150108,0.710745262979384,0.682709800974207,0.764938564835147,0.713290710259649,0.782687806006629,0.786872001415505,0.775995188457008,0.735066146838055,0.861363315463369,1,0.872573727984502,0.821427862089687,0.798748859490961,0.735868039245737,0.789357766931643,0.742476144593888,0.773734472561058,0.769348409601599,0.809306128380054,0.75973142290482,0.763470090300696,0.837038326583791,0.800625720488807,0.726489635676422,0.685986228374998,0.829645784234285,0.712664737510169,0.758133396511691,0.774032059796671,0.632702227121716,0.683586176254026,0.753786883831931,0.754467150154535,0.655565014838301,0.652113438079552,0.71902802343277,0.694386812870208,0.681933777803886,0.676357870962556,0.711139738810808,0.610507305497398,0.5205694532665,0.605362803477571,0.575476920812427,0.379733944249817,0.405240717825308,0.290518162575098,0.3068574238772,0.347861438977667,0.357581242963535,0.327710579877415,0.35334711601544,0.351527854855419,0.300692043277228,0.291935017752112,0.323749190688811,0.215046585625492,0.0938247267001209,0.134770716856041,0.569130003484354,0.471645282169205,0.554348399671126
"28",0.431950390854277,0.370612475314645,0.419193425937968,0.411641853240124,0.639327019259427,0.639155778872362,0.614890366574407,0.620262882098731,0.528025562152135,0.620535755894662,0.693115564084159,0.681889007856334,0.68006373682983,0.684639357129654,0.664116681303287,0.630379112913972,0.649846706715773,0.688333264636999,0.680657337532339,0.742168346073438,0.672547281190243,0.679303546742003,0.715776628581371,0.718010469904108,0.732721682501763,0.79673114318429,0.872573727984502,1,0.865545349612883,0.811912350926992,0.715852594283127,0.783073791859652,0.721651428520706,0.760231687752661,0.7998983812391,0.820256480230702,0.765163822308057,0.693672406319789,0.847071345044961,0.79785367539179,0.676913020287491,0.624446024412847,0.785558740266409,0.702535655792732,0.752285688527616,0.801614492853072,0.656775227745164,0.74087058058381,0.784373615709373,0.770569508480057,0.653830669989951,0.679345299921145,0.749887791946605,0.710001310513943,0.69522372561607,0.711628002524771,0.713114512387111,0.614749186043143,0.519524840657863,0.633064627617092,0.61927667951692,0.380085919751973,0.392323206911877,0.308626086799382,0.323387251123824,0.360342638352649,0.369358663958011,0.363768473151718,0.371235178837543,0.355849910559905,0.300182813512586,0.314719767862196,0.328035839892307,0.200625736770279,0.0968997687731165,0.144995693426124,0.556471642738813,0.490510082518371,0.551413811956053
