"","V1","V2","V3","V4","V5","V6","V7","V8","V9","V10","V11","V12","V13","V14","V15","V16","V17","V18","V19","V20","V21","V22","V23","V24","V25","V26","V27","V28","V29","V30","V31","V32","V33","V34","V35","V36","V37","V38","V39","V40","V41","V42","V43","V44","V45","V46","V47","V48","V49","V50","V51","V52","V53","V54","V55","V56","V57","V58","V59","V60","V61","V62","V63","V64","V65","V66","V67","V68","V69","V70","V71","V72","V73","V74","V75","V76","V77","V78","V79"
"1",1,0.800888935347313,0.62893977111405,0.595912691977742,0.471691089862306,0.415188625358363,0.416594386092285,0.417707071217107,0.486475385219866,0.553762810069391,0.528159931052404,0.467639896407487,0.450966370955555,0.419790022991729,0.415541963274203,0.330595364801172,0.305328636041004,0.332856047630915,0.326207142939085,0.411442429144158,0.408339902753042,0.401998490968601,0.39178489661369,0.381349282877739,0.36798867853891,0.404210013174657,0.394677269473146,0.356644947654863,0.342935066015517,0.326074245631813,0.363842345835663,0.305901842039756,0.311860183382413,0.327742064105711,0.302850186993684,0.317403914854919,0.240781428402247,0.307279104813768,0.3440791103474,0.308960478105563,0.199300912582102,0.290433699423535,0.339529516520681,0.344793603554298,0.3627372975459,0.319164098257064,0.326673259509363,0.280810398732435,0.24112458286877,0.249895712098173,0.255907355066683,0.248419156528633,0.257277817202863,0.239529547023565,0.277582599589007,0.282813584515859,0.265941756950386,0.250201311220484,0.199625260696526,0.243329604796127,0.19965873239468,0.209358886020808,0.207356839033042,0.196878253292049,0.226503199079351,0.208639319939956,0.219494229448253,0.237775275496487,0.243637642485511,0.239497462464222,0.226910568601427,0.240903214090595,0.202031499267829,0.193957647533477,0.199439693143306,0.157917085721006,0.260369868013407,0.22281864489783,0.260042915121168
"2",0.800888935347313,1,0.728571361430301,0.664674230252755,0.601257459069365,0.521550697445158,0.540637644892765,0.522414579117652,0.579438840550773,0.597423462017264,0.591649765013028,0.53722651729888,0.506369212266154,0.469397364500963,0.464106746876402,0.389061622706268,0.375895336807792,0.408500055456313,0.372718917422112,0.43077613832591,0.444214738388019,0.44227682397818,0.423993765182011,0.414345573197203,0.410203865777794,0.437735263333847,0.420259272805339,0.35516698639753,0.378575339919978,0.393578732828896,0.433757670065868,0.350474775724786,0.33033557542105,0.346488958537662,0.326795839359011,0.362076564257371,0.285072070349815,0.367577508391453,0.386782931518336,0.342475106965426,0.299718292579208,0.397173870438151,0.419713483479305,0.421214218189026,0.431543224722233,0.40281223964157,0.408373599256614,0.368086334795704,0.334093175073365,0.33413470957961,0.343945018081153,0.32449180050446,0.325582302646366,0.329843801899489,0.372150123597677,0.354485757476219,0.351100479514906,0.337126930640381,0.260200287857957,0.300452032933909,0.252353357407984,0.276776652938484,0.283755596125158,0.267000701659281,0.302694194965197,0.28459977463897,0.287821063861599,0.300301141047943,0.278666209156798,0.283178690028557,0.249517849537559,0.310477581336744,0.255649606878125,0.210880594564255,0.215432068156117,0.206893213991263,0.357923226882361,0.279851082126922,0.335447648915884
"3",0.62893977111405,0.728571361430301,1,0.843878998667508,0.671120794064631,0.57138880921561,0.558455493067383,0.518675282942339,0.562171009779089,0.578024266340454,0.583383714863412,0.554523562858341,0.558066638781603,0.50681485214688,0.513200649593918,0.450857182949108,0.434116490773323,0.441231491792228,0.419632671804541,0.443462574774168,0.451799444565843,0.465626405956186,0.439768676070339,0.436615533341725,0.438819528120883,0.472023717077705,0.459828575203456,0.381849204972598,0.389653662300264,0.424427454921415,0.452101061890609,0.38181826200462,0.357536460717935,0.377746201782857,0.337966667996326,0.358803179339236,0.299819185186897,0.436342718485065,0.428742100427079,0.346878663000636,0.360442665744085,0.422576223624203,0.438238034138038,0.443110403806395,0.414073184869354,0.385332176779243,0.377899558755013,0.357212249797533,0.311590387907864,0.321071826528366,0.332955630814112,0.287734898301416,0.281518117132885,0.276017800028651,0.33811627530137,0.327674388293411,0.305325962928983,0.319119782161267,0.226595323683065,0.266085686147038,0.219787079780564,0.220688254168345,0.242654164524905,0.218220856733371,0.28639263175716,0.257886814060089,0.260428899778276,0.282744389534911,0.296737877920575,0.303064440232316,0.270569046409039,0.305838257347505,0.263971205421922,0.208592373653167,0.205111279843683,0.194546617930222,0.414685549291089,0.278086673363213,0.326121776913581
"4",0.595912691977742,0.664674230252755,0.843878998667508,1,0.681271267249886,0.559656045609169,0.533608957159583,0.506402002246355,0.541166832521775,0.543465104541342,0.55774698212571,0.528991933095837,0.539764069753961,0.470560324358547,0.488495425740609,0.432279886731273,0.406280644961633,0.410460569377201,0.407835540062761,0.433487974229224,0.438336953834224,0.445362528180495,0.414584723387129,0.417164967628054,0.421465244430883,0.438860090756549,0.416609088716904,0.341209706975104,0.352080150447272,0.408845003502592,0.420089101507873,0.349779927018721,0.328552618282052,0.344041720499918,0.297340089720851,0.3412468332325,0.284343300082698,0.39102622811885,0.406896177538503,0.330894659244493,0.357151648461549,0.422673316413399,0.421650135987175,0.423213644323178,0.426963833425917,0.379109013246697,0.375334221352732,0.349865381367836,0.320702568462205,0.334024402486117,0.342122096911982,0.30204136831719,0.291704518393041,0.275074641766264,0.331494061929421,0.328833292904827,0.298260221071498,0.317963687297666,0.235517230530016,0.272169540513566,0.210820703203077,0.217378784071403,0.262141686138594,0.240521772836103,0.308439445421658,0.285368453340621,0.280368140959415,0.287706532639676,0.317971857979031,0.318900364228086,0.287375385152012,0.317081289684507,0.270340633149103,0.223988157767151,0.205241444132175,0.225096557112698,0.438820629397191,0.28340676272829,0.344386474790906
"5",0.471691089862306,0.601257459069365,0.671120794064631,0.681271267249886,1,0.631071644083524,0.618657916684151,0.562576735825408,0.553923130296677,0.515074798120824,0.559953486924121,0.537563675365187,0.537347110047835,0.501902645936972,0.508254147056434,0.448089691302313,0.441603371530968,0.459251493138255,0.416932168457674,0.446013779034427,0.448210304799708,0.455430329727355,0.431370343944604,0.438712148057153,0.423861327751554,0.452412386049925,0.432001140589965,0.373218752873419,0.396941899424416,0.427513809582699,0.452399148411982,0.385937759726824,0.341938173279874,0.348302328238087,0.342363555349178,0.363630299460275,0.283525010415222,0.412476963051306,0.421312897658733,0.333169758109196,0.382784500294664,0.455795616625005,0.424100008782578,0.428235848397747,0.379259209554552,0.367059451968227,0.339126084395717,0.31673169656675,0.311845161520634,0.305817087756962,0.322944910987363,0.290881321004653,0.271075436447587,0.282213229429975,0.329660445851654,0.314070002056445,0.293604186138918,0.300584363978537,0.237887747782727,0.274396951737699,0.237804772899947,0.23446325829484,0.270347566251245,0.229172638231166,0.305870495598179,0.291638166908408,0.291368280779933,0.295615411980934,0.299869349300439,0.30223134802695,0.262800382589629,0.309517892551439,0.276084518266494,0.212956932091662,0.192398739854978,0.190525606840669,0.390877706095406,0.284418675031666,0.284514330581245
"6",0.415188625358363,0.521550697445158,0.57138880921561,0.559656045609169,0.631071644083524,1,0.836004861570053,0.788852876419908,0.752840788276091,0.710669638214003,0.735694087540745,0.709963106251248,0.697687088565705,0.69889775121619,0.671164460131977,0.605581999440259,0.632350608989061,0.580605027743142,0.541576421138544,0.571917765441732,0.657049784350781,0.629295122539391,0.573681162607757,0.593416641096697,0.567445665132632,0.558185178958005,0.569667608177534,0.455192272518165,0.481416252787843,0.508928709092231,0.529373384280322,0.46800705163777,0.421112022168569,0.441016726465577,0.372225650471479,0.509961631851601,0.395268567145187,0.457558317323016,0.484088023046299,0.364279456959037,0.373207345335346,0.534052030298795,0.49398306629258,0.457091041869156,0.472989663110031,0.417607463425572,0.37199590877039,0.343800508036109,0.363248472317583,0.380931167097767,0.393283614687627,0.352247423561655,0.363723904506343,0.364732457076467,0.391597552364977,0.367867461884643,0.352204705730052,0.355072893755206,0.277020299450587,0.3380837451502,0.311097141368275,0.314576495931107,0.340805293000289,0.322474156276937,0.38998234178858,0.362013097629871,0.369469575024032,0.382618894807404,0.378951298539435,0.393584579297481,0.344092674739004,0.398856606554199,0.355497242542216,0.294247394153522,0.285973256774564,0.258272115191487,0.429779612098038,0.367206597695011,0.396414956811259
"7",0.416594386092285,0.540637644892765,0.558455493067383,0.533608957159583,0.618657916684151,0.836004861570053,1,0.819517971672285,0.748763130303137,0.693300842369892,0.712330645478693,0.698890693224402,0.673482563043068,0.654363006664362,0.646012672191225,0.566554757072429,0.559629320843539,0.543848893179022,0.541163982204564,0.560969405867202,0.600386676624098,0.59308031167897,0.540968264204502,0.555104603408323,0.525382604263707,0.529205982138488,0.53474925296182,0.432653908749695,0.485143826765563,0.50583352494845,0.538652540173236,0.498899141403272,0.406145353083351,0.435031912197291,0.356722202174351,0.453284265554469,0.37176534426147,0.456446767058968,0.494769449144713,0.360961835136334,0.38819782088145,0.535565932617562,0.488545276631357,0.463265008399448,0.467970166553624,0.411779236629946,0.385430748742062,0.353231353179309,0.372179846853943,0.379796105134309,0.403199141889191,0.359451903852362,0.356983656057962,0.365443871707335,0.393871646450264,0.363521143220604,0.347900255314795,0.356507032587775,0.278472720134211,0.340602805751024,0.32027780162327,0.309815428053088,0.3233663405189,0.297086462032944,0.361828316469536,0.334870738466438,0.359844168556593,0.364417331890425,0.385418340912922,0.375281369123235,0.333441785588438,0.382087181025123,0.339948532762708,0.260814035523895,0.269546822855407,0.257895406942938,0.407145741516736,0.356843920514675,0.39653035374872
"8",0.417707071217107,0.522414579117652,0.518675282942339,0.506402002246355,0.562576735825408,0.788852876419908,0.819517971672285,1,0.840395332417314,0.737872257398063,0.748169186008634,0.730771569888971,0.693283850795218,0.676599376205562,0.654157039234355,0.571560409191317,0.574514569926875,0.556563966490298,0.550394941888823,0.567103130641779,0.643823185344729,0.610103897217657,0.577781548557752,0.584487617044381,0.555338151353616,0.562752158963012,0.577624791078909,0.45900956493762,0.528629059906467,0.551457440116397,0.585934581081932,0.529499837828372,0.437993220317025,0.483087708060523,0.422024336734118,0.522336805061552,0.430042013140408,0.498503152341685,0.523043503037612,0.388621386466561,0.406692100983901,0.580857538054333,0.539630987990797,0.510776099288247,0.513385681033874,0.462760364427406,0.428574610657484,0.389938454758524,0.39192558899038,0.400268459042286,0.418472504909822,0.371786812019288,0.391238683803544,0.414647004824667,0.439430832615567,0.425619957603219,0.425626494048726,0.422590725098882,0.338663714916471,0.396973891194802,0.365978293799617,0.368290660550256,0.367298154564311,0.346535674055968,0.420740782048663,0.397168444677897,0.419751977902848,0.44405998174062,0.436129683098394,0.441818089388567,0.390166044262175,0.435925783344898,0.381989010954132,0.330044805427829,0.312738379723648,0.327913061395442,0.455498957855899,0.41749059877813,0.440067212852575
"9",0.486475385219866,0.579438840550772,0.562171009779089,0.541166832521775,0.553923130296677,0.75284078827609,0.748763130303137,0.840395332417314,1,0.835793888295815,0.835190763943529,0.798026500517222,0.750048414689494,0.738733599503834,0.723281359573144,0.623412607380653,0.613150019591864,0.610042373623863,0.599299229118316,0.633149216346184,0.706144393508477,0.67222110916234,0.629403452684956,0.633525404006365,0.630022183661444,0.635032182215991,0.634363494272226,0.505457693364478,0.573467216360605,0.592298152465177,0.617126636779023,0.545548034097762,0.485480144993304,0.506491051426824,0.458344412401295,0.592145102954896,0.452740400217055,0.516052629864874,0.53191393064356,0.404748168215899,0.395720253908141,0.573926603065473,0.568144085389201,0.507402704080377,0.522615036102507,0.479154851589577,0.448825357061568,0.409521968361766,0.430090346712535,0.432045091495439,0.439677538902034,0.398825212622047,0.419024333497283,0.410683660941624,0.456693182704336,0.43359894504222,0.444967730588108,0.42113462891701,0.365502457066628,0.413789871639692,0.349013040597236,0.36697553919577,0.385944042657578,0.372303492474473,0.460367336978939,0.408780612776066,0.417997570387857,0.454635787736249,0.461915676514982,0.5024767404489,0.4221732920375,0.473669041242074,0.40332541206841,0.368025544535634,0.374436573390432,0.351108153600275,0.464572439131193,0.438860087103824,0.505497853315296
"10",0.553762810069391,0.597423462017264,0.578024266340454,0.543465104541343,0.515074798120824,0.710669638214003,0.693300842369892,0.737872257398063,0.835793888295815,1,0.877816393171763,0.81388177710204,0.767625757544431,0.731821989518657,0.702210591951391,0.598390033084261,0.576695166810472,0.580308162182654,0.584334067980528,0.59047197303507,0.693176882161091,0.676697328435738,0.626503607603894,0.631288245469803,0.650920865323731,0.640099599051618,0.601893075950465,0.491280682349661,0.558332658685135,0.541274850410445,0.555770471696734,0.517355060596382,0.438399165992204,0.481464515528819,0.422673533735881,0.59106975326862,0.405968852026345,0.447051410720207,0.471460832537981,0.383678927096503,0.315081327932157,0.555884189545457,0.547957539249816,0.469493695480491,0.530590116111452,0.469589453363368,0.465788140429108,0.406396660237168,0.427724693598651,0.426204079048995,0.42529507769711,0.396961278276073,0.423422331909447,0.4001319196079,0.444261741032153,0.413178509967238,0.438818855053996,0.410557006290535,0.342823893510057,0.399989544095637,0.340706739046918,0.376678426012101,0.38740552769321,0.357655786648088,0.457633281590793,0.406627474329413,0.40860662213198,0.437844515706281,0.433939571274635,0.480159068350162,0.410716605243447,0.451774931581518,0.408206985766567,0.368987804525922,0.377599114338101,0.409321388306569,0.448152739871054,0.419410317891632,0.499205043036244
"11",0.528159931052404,0.591649765013028,0.583383714863412,0.55774698212571,0.559953486924121,0.735694087540745,0.712330645478693,0.748169186008634,0.835190763943529,0.877816393171764,1,0.879917189723982,0.815201134778595,0.78319286280624,0.778749596293959,0.65157267693949,0.643358006599263,0.631213203124566,0.653313512376914,0.686398941197203,0.762830016866685,0.732568183995954,0.688751206466741,0.695440955751854,0.711283654304635,0.696168273981867,0.660604877777989,0.531843278221528,0.60071130116888,0.582186441424263,0.60959913106426,0.569585462694265,0.490678418942952,0.518572800190913,0.465349144666471,0.614894621850019,0.44526660221995,0.498380663774631,0.534227558182519,0.412779321036756,0.363883102331085,0.561472839654387,0.574282632826714,0.487316737283356,0.535787283887666,0.481032238888652,0.453906361894132,0.403331889481822,0.429339619732098,0.439125458818606,0.446918743410761,0.41199505268879,0.437783746187048,0.418811594183792,0.45718377208555,0.428946180144213,0.454143561320248,0.424252826919802,0.344165506199604,0.413121845597256,0.355303377068127,0.384043981101644,0.389133430225049,0.372235530090036,0.46597104127068,0.411187784583505,0.419173361081597,0.470689761088081,0.45678909570038,0.513197836989642,0.434129208460073,0.486007438327131,0.42679544680575,0.387058184675191,0.410735631119468,0.39210586865319,0.505303341643992,0.445516492003955,0.525013726742147
"12",0.467639896407487,0.53722651729888,0.554523562858341,0.528991933095837,0.537563675365187,0.709963106251248,0.698890693224402,0.730771569888971,0.798026500517222,0.81388177710204,0.879917189723982,1,0.863994117339473,0.813051538816238,0.797100610199795,0.688891449818654,0.671351822481319,0.662840502534817,0.65820722222995,0.651500752818609,0.735430879451348,0.699771978191432,0.673588519578359,0.672713458802859,0.676074635564721,0.683642285268171,0.646647731651935,0.526509896519104,0.596410693018555,0.569664257746539,0.601143639727798,0.550317076712153,0.48288993356782,0.514762416113932,0.47202448287561,0.602583268093439,0.452492436968348,0.512020360777548,0.551688292838524,0.424938047026536,0.373160591279177,0.547624176550701,0.560741654095202,0.497664721008674,0.522838899271169,0.477454273031315,0.427601290941654,0.404411552069831,0.41265586173143,0.431239660562891,0.433595242770732,0.392337043689359,0.413897488111256,0.396074481895059,0.443904559273465,0.410237855785016,0.438939199468585,0.406168619247806,0.346030137632477,0.406049943067269,0.336090820527807,0.36566429363513,0.376503926914069,0.365469250653815,0.454633043272898,0.414032860991038,0.418711968037883,0.455713585236007,0.468105650042066,0.506857840074061,0.428472864208627,0.488816432345864,0.430866539728749,0.38485016410169,0.389025084189994,0.357997549336681,0.523999356881623,0.43048716935806,0.518927499162987
"13",0.450966370955555,0.506369212266154,0.558066638781603,0.539764069753961,0.537347110047835,0.697687088565705,0.673482563043068,0.693283850795218,0.750048414689494,0.767625757544431,0.815201134778595,0.863994117339473,1,0.804577898851574,0.780132550472826,0.692092479399263,0.672586634624725,0.671485791378046,0.66777383757322,0.640631421875446,0.708581898250498,0.658345356546717,0.626442406372552,0.62184942746488,0.608605817215074,0.635754427586856,0.606301484873944,0.502525615906875,0.575071548429857,0.551007731032671,0.575015597402442,0.556536812083254,0.487835560399994,0.49845483878169,0.470722342814401,0.55041416271712,0.431002084353163,0.515483625780003,0.55065922067738,0.422777680655909,0.362832947836563,0.528036429187158,0.539700270914945,0.501346556427897,0.520939052663563,0.481786353805256,0.424527136625874,0.408771475807357,0.413594421303596,0.440847067969214,0.432801245882537,0.389820513309312,0.411244314833176,0.404368764518692,0.44158184274521,0.413982731117498,0.441562598661882,0.42520770821921,0.34508592723828,0.425361104721341,0.346557960226892,0.364373647816713,0.383191804356272,0.378074990767954,0.46376904749397,0.421060512984953,0.457583650360125,0.491317398078802,0.477299202553509,0.500155534852021,0.452236286254258,0.499395951465786,0.442361604586711,0.398750356539658,0.397733118675515,0.370000611571764,0.529127541219371,0.406933332460061,0.497638271348491
"14",0.419790022991729,0.469397364500963,0.50681485214688,0.470560324358547,0.501902645936972,0.69889775121619,0.654363006664362,0.676599376205562,0.738733599503834,0.731821989518657,0.78319286280624,0.813051538816239,0.804577898851574,1,0.823477469995228,0.720226685851708,0.731838200973426,0.673350036550076,0.609250477431788,0.615795025787001,0.74321640369553,0.661809106021435,0.630911722405474,0.647103372410465,0.613458411386254,0.620239447699226,0.589959255230611,0.51353429073624,0.55863031387463,0.526361380301759,0.545225992671631,0.523776341551155,0.484297133723005,0.483207147217351,0.466806776876184,0.552801574886757,0.406990415665604,0.502258853858646,0.526250328672706,0.412030155022317,0.343689453170898,0.511540582576985,0.52754256861034,0.445737517574502,0.477004015345644,0.423329591827429,0.368334876526723,0.339482529196269,0.364866909140339,0.37734828811059,0.38855135895056,0.348031360489214,0.372877107205964,0.359844110702271,0.394461075354789,0.37333271367326,0.37176339388527,0.35478230822745,0.310293988591253,0.370705337309254,0.315424786557409,0.333155632165365,0.345530194275346,0.334493891738715,0.4331264190897,0.401510043009186,0.399588111209975,0.421395097594892,0.409593751133262,0.448127000368028,0.406998172136657,0.449364625541544,0.402268780740447,0.377151868812602,0.360989379767609,0.283768157786914,0.440485758901873,0.413484861959381,0.492144074648422
"15",0.415541963274203,0.464106746876402,0.513200649593918,0.488495425740609,0.508254147056434,0.671164460131977,0.646012672191225,0.654157039234355,0.723281359573144,0.702210591951391,0.778749596293959,0.797100610199796,0.780132550472826,0.823477469995228,1,0.776177001997989,0.71889612558384,0.683636883300926,0.624116494794402,0.687443338015406,0.74222196692223,0.68570184802097,0.673604021931587,0.672927044648611,0.637479371852025,0.656558293560355,0.612654777909115,0.552806708396826,0.608890847824932,0.567053883340398,0.595281550477378,0.579671587027723,0.529753696960514,0.526367711004663,0.498881835458838,0.548010905259987,0.441410196373801,0.547635419567032,0.587169176443696,0.463361386388929,0.404128631400392,0.546084514146053,0.539614934773939,0.449607107757828,0.470002533677462,0.445039756591742,0.389986871509761,0.362721700083935,0.371800393677132,0.404263901388458,0.412776375185808,0.373143559479039,0.389538512009666,0.378374622723078,0.409977024581821,0.374373183595288,0.381325531466369,0.363802101669262,0.324965542458674,0.38038868515829,0.337896000670423,0.341645642663989,0.363413925685645,0.35469782542908,0.43088382978617,0.387883853515612,0.41296182286462,0.431318400727746,0.434274833314628,0.489049447457076,0.412898153297965,0.44002321092305,0.410544054834956,0.364428261816645,0.368406339601036,0.287708347694143,0.481429722488158,0.374436881281292,0.486155099378583
"16",0.330595364801172,0.389061622706268,0.450857182949108,0.432279886731273,0.448089691302314,0.605581999440259,0.566554757072429,0.571560409191317,0.623412607380653,0.598390033084261,0.651572676939489,0.688891449818654,0.692092479399263,0.720226685851708,0.776177001997989,1,0.752828646340292,0.678456229171974,0.575577600414598,0.552866177996679,0.634285762992639,0.595354529357242,0.581502964730317,0.594015212621193,0.545747230684079,0.578082463863649,0.54389366429013,0.479561236576368,0.53047816972046,0.511213314075639,0.534805782555518,0.519320308805212,0.482841877568532,0.460187456502959,0.455631974762653,0.496852515290102,0.420954883151199,0.517984617587452,0.543896041849128,0.41280007267153,0.367002140159247,0.506671594661084,0.482458327290428,0.425089131357171,0.417847934086394,0.404490598059341,0.345469742740796,0.323748809212054,0.324924201454265,0.339353201735326,0.355531038227525,0.313578412468288,0.337030492382276,0.337694001931894,0.364057862285779,0.339302654650566,0.338817541845954,0.342782739148093,0.300885667938573,0.351641335871772,0.30571515689453,0.299448211455601,0.329175293748724,0.306254405583771,0.396827997943344,0.359974734147325,0.387448303050953,0.411667439640189,0.433123583054316,0.475532559101338,0.418966355113892,0.415198866445276,0.407653964699209,0.354987621623209,0.333828905257644,0.234945718543963,0.43756263768121,0.324944099994231,0.424421914824688
"17",0.305328636041004,0.375895336807792,0.434116490773323,0.406280644961633,0.441603371530968,0.632350608989061,0.559629320843539,0.574514569926875,0.613150019591864,0.576695166810472,0.643358006599263,0.671351822481319,0.672586634624725,0.731838200973426,0.71889612558384,0.752828646340292,1,0.740154854099371,0.559912449677845,0.544488889126984,0.657178316620872,0.598065918328397,0.569681157401178,0.603991348850657,0.529514005724465,0.563296102543562,0.52912525161859,0.481031677919898,0.51686274517401,0.503054954669794,0.51996762799312,0.515241974031646,0.456812079086634,0.438019941821841,0.467167213150644,0.500146785303455,0.404746807336829,0.509629085809357,0.544101278571792,0.418820684503311,0.363665004539166,0.494701433664149,0.499689574267204,0.464385071277085,0.458075852119458,0.430911714307929,0.351038116869854,0.339529816550879,0.33673483502727,0.352479140784183,0.368177496925026,0.314797037205241,0.344799770860152,0.341190737619806,0.376309923307368,0.361760184781084,0.350817723374806,0.349457058339851,0.321300798467775,0.352526354064048,0.303062936070379,0.314396995478718,0.344837785517771,0.32493190911664,0.408119766719996,0.378638341811048,0.388293917530194,0.407934582691459,0.414723524649969,0.446665999245971,0.412325479570615,0.433144301420455,0.39557706784885,0.342058931250064,0.295039258066857,0.208071109779215,0.442283909579299,0.352961795388432,0.439151481942984
"18",0.332856047630915,0.408500055456313,0.441231491792228,0.410460569377201,0.459251493138255,0.580605027743142,0.543848893179022,0.556563966490298,0.610042373623863,0.580308162182654,0.631213203124566,0.662840502534817,0.671485791378046,0.673350036550076,0.683636883300926,0.678456229171974,0.740154854099371,1,0.655302838152967,0.541994430143417,0.586871460568716,0.515148387127543,0.504018832245234,0.521003857850867,0.466063385639214,0.504771205754989,0.479536655852936,0.446074602956335,0.498555348324986,0.461645482863081,0.497218291649058,0.473766299509174,0.414959313807628,0.393852998177311,0.41841266932733,0.44224049268751,0.374617065454073,0.493135618206673,0.483729030686875,0.376951787509189,0.354719822100047,0.485118104954512,0.487216862119688,0.451101595897526,0.424311638326158,0.405388879123981,0.338850658721625,0.325264406291696,0.302782482581433,0.31017132732051,0.310567194830972,0.2872075798973,0.297977747058743,0.305151789625254,0.338318189251984,0.32616499508825,0.334683226817451,0.315210097727457,0.279811291992135,0.308794361057058,0.268686691264551,0.277190469246755,0.300848227724272,0.277905448618247,0.367845287499003,0.349903606242199,0.363105369902851,0.397038259177938,0.413366832639768,0.452761520373224,0.392045699887191,0.398528038312749,0.387807513892552,0.347783752120051,0.304996212836266,0.2273190044683,0.464390547382533,0.349625551396382,0.422167725781895
"19",0.326207142939085,0.372718917422112,0.419632671804541,0.407835540062761,0.416932168457674,0.541576421138544,0.541163982204564,0.550394941888823,0.599299229118316,0.584334067980528,0.653313512376915,0.65820722222995,0.66777383757322,0.609250477431788,0.624116494794402,0.575577600414598,0.559912449677845,0.655302838152967,1,0.673108234038288,0.640131719270035,0.591325781025347,0.539610244413134,0.542851198907036,0.530798838876621,0.537845964303723,0.538937911713293,0.490920774799256,0.5248196125914,0.492986923854153,0.529385717304142,0.504591134290047,0.432758263134032,0.437777907674821,0.390389241069323,0.486278253889316,0.419335009075275,0.46832657130076,0.516789545383352,0.385588944702407,0.379208137509767,0.506695160598465,0.5062437363208,0.441487217620274,0.416663889219166,0.389660718391892,0.354874359428216,0.35022132031941,0.345776931467639,0.359549993822418,0.37985572205531,0.359647625460539,0.355495721180785,0.346762727928287,0.382996183649116,0.374608344559762,0.393833733616181,0.372530796590229,0.304881489226967,0.365516532402251,0.327491150867412,0.323419882026355,0.322989147239734,0.299959471308221,0.374064612654827,0.357446895682974,0.367689570679094,0.422663629398739,0.411943276638039,0.439168547008957,0.389189266903249,0.424306250952264,0.375357136037558,0.337371633280161,0.352496865604284,0.301311059369518,0.489643667281622,0.382113043034725,0.44040496661115
"20",0.411442429144158,0.43077613832591,0.443462574774168,0.433487974229224,0.446013779034427,0.571917765441732,0.560969405867202,0.567103130641779,0.633149216346184,0.59047197303507,0.686398941197204,0.651500752818609,0.640631421875446,0.615795025787001,0.687443338015406,0.552866177996679,0.544488889126984,0.541994430143417,0.673108234038289,1,0.77411879882652,0.71611958310865,0.657317314172571,0.659536008494783,0.621954923783615,0.629533201057639,0.61424463653321,0.578706795876164,0.575862684791527,0.523595660002599,0.554016293851999,0.577512392812851,0.548898344759445,0.521512501136605,0.482877988003023,0.497916650352118,0.43657962975012,0.507941706374301,0.574120240908832,0.456933607661901,0.420979864511244,0.482733195596265,0.500423820135745,0.425595086476675,0.410725192302567,0.370107761323812,0.346602298965769,0.332665952423057,0.338274961854339,0.366460287662947,0.386324008037958,0.357963788627697,0.360048274964767,0.351200641104008,0.375142000538319,0.354470469594255,0.369476046513463,0.358193671774828,0.290823302629463,0.366892507278187,0.312190011277239,0.310843200189647,0.317828233618459,0.301298646983961,0.365035867869316,0.3427827997304,0.364987934133441,0.404287790322364,0.393411963057698,0.417940405682998,0.376089867588826,0.408165269421595,0.353830360701998,0.310652260229049,0.370236797589157,0.301188970942768,0.442936383938105,0.377485030126649,0.46454441482954
"21",0.408339902753042,0.444214738388019,0.451799444565843,0.438336953834224,0.448210304799708,0.657049784350781,0.600386676624098,0.643823185344729,0.706144393508477,0.693176882161091,0.762830016866685,0.735430879451348,0.708581898250498,0.74321640369553,0.74222196692223,0.634285762992639,0.657178316620872,0.586871460568716,0.640131719270036,0.77411879882652,1,0.871956323133363,0.829945320639372,0.819803736154572,0.773470647606313,0.784845653720501,0.752957882856377,0.680301886285822,0.685097762592277,0.63097795096473,0.653904264337141,0.587979530422514,0.596544236573236,0.625760330657107,0.540341347963849,0.643012622085424,0.497053005359057,0.550374070941434,0.612226371834425,0.54894537673335,0.416118579476906,0.556540598270589,0.555644439025777,0.443143882365765,0.462039639022354,0.416570016018321,0.384587821159988,0.356664863306505,0.37836574902499,0.398418336566096,0.417732555273051,0.384545764613674,0.400409820265619,0.384963452030861,0.404517373200757,0.380451688814302,0.403320611294247,0.39224588010947,0.309928461728874,0.388631619979318,0.33499931688011,0.34576660115209,0.356908354694481,0.349197113328983,0.427580446519091,0.379284584434962,0.399274708311785,0.440249613642331,0.426468124175534,0.478435042080841,0.416908816405343,0.468945345361035,0.397203268928333,0.374526235924014,0.404513111457714,0.383453430804565,0.500166703107385,0.424518195377662,0.507924526589216
"22",0.401998490968601,0.44227682397818,0.465626405956186,0.445362528180495,0.455430329727355,0.629295122539391,0.59308031167897,0.610103897217656,0.67222110916234,0.676697328435738,0.732568183995954,0.699771978191432,0.658345356546717,0.661809106021435,0.68570184802097,0.595354529357242,0.598065918328397,0.515148387127543,0.591325781025347,0.71611958310865,0.871956323133363,1,0.925226937848715,0.898094524260331,0.866134325920903,0.866957065975791,0.81354369514987,0.721356903845325,0.713966093514048,0.66477639793239,0.655998339694087,0.577409247723188,0.593405857134952,0.678211154952508,0.551657904216987,0.648300892177494,0.524201307258093,0.54455867363417,0.601124851337903,0.555322190212793,0.415658940357829,0.573514008446676,0.555521726965027,0.431211949968897,0.459672580758276,0.409456930448538,0.390379991105357,0.358195595898177,0.388732502700359,0.416602308912293,0.440273507164145,0.393358590082024,0.421532353270736,0.39935573702111,0.419874631618394,0.381176640657782,0.407120510176257,0.394059692341314,0.311249529613074,0.399168797402624,0.334154327026435,0.34217877653246,0.372802960403479,0.373897729839775,0.447808579307489,0.372642662552969,0.402118806906066,0.419766567960429,0.434414753162617,0.478151091640146,0.417347926638519,0.467222937485055,0.38604929277,0.358007329470364,0.400349968993876,0.399856732240272,0.504809962158636,0.431045744348902,0.529287233770151
"23",0.39178489661369,0.423993765182011,0.439768676070339,0.414584723387129,0.431370343944604,0.573681162607757,0.540968264204502,0.577781548557752,0.629403452684956,0.626503607603894,0.688751206466741,0.673588519578359,0.626442406372552,0.630911722405474,0.673604021931587,0.581502964730317,0.569681157401178,0.504018832245234,0.539610244413134,0.657317314172571,0.829945320639372,0.925226937848715,1,0.927648892143822,0.876169947224071,0.905737405751475,0.84800814796565,0.769447561994921,0.737191429224991,0.677020005757713,0.669306352723173,0.567395694002323,0.639771992048849,0.71172513058905,0.566299755160018,0.632328850161286,0.530657308954645,0.551596209631596,0.606147605013702,0.590421812215841,0.408760296298285,0.54528115642183,0.538062606600319,0.421915917375798,0.454704907851038,0.40122511467505,0.37644297261252,0.342422253696377,0.362963527463923,0.39686771214999,0.421097136270044,0.370063290375872,0.410677182484713,0.388262160161723,0.404641259683407,0.371928541678895,0.401955085366488,0.381233481487563,0.310554212007918,0.390255484319747,0.328837873988305,0.344068468195748,0.374047104487168,0.379629888058477,0.44253606538265,0.385707779415984,0.412933857455709,0.41636520007348,0.417187146957846,0.488925885707189,0.409699618946682,0.456456138873147,0.392750133695187,0.359481331657978,0.387821839254405,0.388308880628674,0.495124047463059,0.420157829968556,0.519300849350636
"24",0.381349282877739,0.414345573197203,0.436615533341725,0.417164967628054,0.438712148057153,0.593416641096697,0.555104603408323,0.584487617044381,0.633525404006365,0.631288245469803,0.695440955751854,0.672713458802859,0.62184942746488,0.647103372410465,0.672927044648611,0.594015212621193,0.603991348850657,0.521003857850868,0.542851198907036,0.659536008494783,0.819803736154572,0.898094524260331,0.927648892143822,1,0.884662024727137,0.851011620592233,0.78685250693303,0.706296927671888,0.690513814370316,0.650878581140239,0.637178182063964,0.57410802404389,0.610251488807482,0.659644642260828,0.536259540354769,0.649249361603458,0.49568624141469,0.530350192701675,0.580828408351993,0.537168035740277,0.403791559126591,0.54743384151833,0.529739744476325,0.402209382149797,0.440073939347331,0.385392742214638,0.357308051875436,0.320473229197705,0.345228712875224,0.376649955703469,0.406046939088099,0.356202180184853,0.401597457463451,0.372224986604074,0.390248482055772,0.355812001786097,0.374263366435706,0.360970635954945,0.300672794642806,0.366242851096837,0.327144793052824,0.329678741036625,0.364445637870461,0.361380447607542,0.437743237685144,0.377379079945346,0.407629244195229,0.402647821691023,0.406072609046163,0.483766660357193,0.41182319763421,0.439795801293307,0.387693393937214,0.360950249289328,0.371644468166245,0.35597794446126,0.465796297306081,0.427025161218163,0.509497784569968
"25",0.36798867853891,0.410203865777794,0.438819528120883,0.421465244430883,0.423861327751554,0.567445665132632,0.525382604263707,0.555338151353616,0.630022183661444,0.650920865323731,0.711283654304635,0.676074635564721,0.608605817215074,0.613458411386254,0.637479371852025,0.545747230684079,0.529514005724465,0.466063385639214,0.530798838876621,0.621954923783615,0.773470647606313,0.866134325920903,0.876169947224071,0.884662024727137,1,0.862414372010533,0.764293055256514,0.635898314179016,0.617944215605032,0.588552592636076,0.596617309655149,0.511791655584757,0.532862267287897,0.594832218736932,0.462020637773601,0.630533438006244,0.452529568886802,0.439789818425887,0.502748048190822,0.454390061684805,0.335981354248008,0.5221037053278,0.498380471853013,0.378936577304621,0.441010893284857,0.385443254277308,0.364135928122571,0.318365574927362,0.360946899029755,0.381197895703444,0.409688948196903,0.355687047428574,0.409202021819174,0.36652195654178,0.395107824968175,0.354904118549205,0.392299592272478,0.350149412342555,0.306881742738057,0.37697803901774,0.28181050578977,0.306895628890332,0.346043140056611,0.36663720694262,0.455267563508531,0.37858218587259,0.384587027931732,0.39586479413779,0.390403299869587,0.467045968277042,0.410118899897178,0.454552602738599,0.380280239202117,0.351822538223865,0.405667853514912,0.432218158989622,0.481838411946969,0.431448286380803,0.520342752410375
"26",0.404210013174657,0.437735263333847,0.472023717077705,0.438860090756549,0.452412386049925,0.558185178958005,0.529205982138488,0.562752158963012,0.635032182215991,0.640099599051618,0.696168273981867,0.683642285268171,0.635754427586856,0.620239447699226,0.656558293560355,0.578082463863649,0.563296102543562,0.504771205754989,0.537845964303723,0.629533201057639,0.784845653720501,0.866957065975791,0.905737405751475,0.851011620592233,0.862414372010533,1,0.869170520170746,0.778834268486153,0.719918437413907,0.661881618775568,0.66762131234408,0.553355984861833,0.621656103624845,0.683593650915196,0.561601438379414,0.612780574631126,0.508145311125331,0.539896100309803,0.594606856876868,0.607083919384791,0.410317920454901,0.537610828494665,0.526274373183999,0.423903482319539,0.44911891514566,0.404765742802611,0.37928542385078,0.348823602087679,0.37638775042924,0.390298306168847,0.41236334892102,0.358251384974406,0.393017374792063,0.371239424004634,0.399555968985877,0.367862813329942,0.397254483982079,0.363918989915488,0.312342888670828,0.376666719889477,0.295946378032036,0.325561474860277,0.354325152204303,0.364501958641087,0.444573179360274,0.386217990113184,0.392345002294716,0.42188474222469,0.419752881622469,0.496879202331165,0.410110641616098,0.457055435044947,0.377852522421133,0.359718224999375,0.363673242672109,0.390922820176928,0.496307945973438,0.405364662255939,0.504574277843127
"27",0.394677269473146,0.420259272805339,0.459828575203456,0.416609088716905,0.432001140589965,0.569667608177534,0.53474925296182,0.577624791078909,0.634363494272226,0.601893075950465,0.660604877777989,0.646647731651935,0.606301484873944,0.589959255230611,0.612654777909115,0.54389366429013,0.52912525161859,0.479536655852936,0.538937911713293,0.61424463653321,0.752957882856377,0.81354369514987,0.84800814796565,0.78685250693303,0.764293055256514,0.869170520170746,1,0.821160245756934,0.733577831395737,0.64196541209732,0.646482351811652,0.524519548258969,0.625610954743394,0.701709348582922,0.563500002250287,0.589582236096015,0.517807904016987,0.567702589311951,0.611264250116223,0.601786637894807,0.432270900387723,0.533615475808456,0.520393297802454,0.407622204677776,0.425343523174245,0.382783939451408,0.35198859353961,0.321550646594234,0.355900538226981,0.363345449035081,0.3836533817644,0.345393153211355,0.361628169139846,0.343236112979695,0.377237310702841,0.352574141443421,0.378896827456866,0.361548990104652,0.319740603166045,0.369825048653871,0.297552734944704,0.324708966751756,0.339342672761095,0.344621619419415,0.410463567455786,0.371307794016971,0.373304958682546,0.41631558623218,0.448563440938364,0.466852977816125,0.391848061309493,0.431233169306017,0.387528104347836,0.355194092459839,0.383643583584936,0.351589089579196,0.47333507459595,0.415522579878492,0.48120293612969
"28",0.356644947654863,0.35516698639753,0.381849204972598,0.341209706975104,0.373218752873419,0.455192272518165,0.432653908749695,0.45900956493762,0.505457693364478,0.491280682349661,0.531843278221528,0.526509896519104,0.502525615906876,0.51353429073624,0.552806708396826,0.479561236576368,0.481031677919898,0.446074602956335,0.490920774799256,0.578706795876164,0.680301886285822,0.721356903845325,0.769447561994921,0.706296927671888,0.635898314179016,0.778834268486153,0.821160245756934,1,0.78620882433675,0.636299182108617,0.59315982695532,0.520923041285927,0.644827558430218,0.712579492748008,0.584639100040509,0.523206409507855,0.493247058862879,0.569644618735213,0.602321159362987,0.642588567168141,0.428358280268165,0.455269626012601,0.443583240157668,0.331184232398847,0.354513713988275,0.30914006348407,0.284317756078848,0.267008375639743,0.290402150085459,0.305040536858231,0.326640006197139,0.295185840747717,0.302596908616023,0.292383659448092,0.313815053643872,0.296610010612781,0.299147681787925,0.294978484741461,0.24351504653265,0.302639390550211,0.267680031781907,0.271705913791477,0.289641231675379,0.281128528680633,0.336543911743284,0.313199384158658,0.32804325492222,0.337428402597798,0.346573454507223,0.389286199936909,0.331305323619129,0.371313801064111,0.33104705804493,0.27979511293037,0.296875366445151,0.247935044802979,0.398390962388553,0.323623058898577,0.392483643557261
