"","V1","V2","V3","V4","V5","V6","V7","V8","V9","V10","V11","V12","V13","V14","V15","V16","V17","V18","V19","V20","V21","V22","V23","V24","V25","V26","V27","V28","V29","V30","V31","V32","V33","V34","V35","V36","V37","V38","V39","V40","V41","V42","V43","V44","V45","V46","V47","V48","V49","V50","V51","V52","V53","V54","V55","V56","V57","V58","V59","V60","V61","V62","V63","V64","V65","V66","V67","V68","V69","V70","V71","V72","V73","V74","V75","V76","V77","V78","V79"
"1",1,0.861296300351194,0.773894116760718,0.553632645937908,0.470589020775734,0.433049900762198,0.321017474099789,0.271849911997052,0.29291163786147,0.306065763115471,0.363586692268367,0.365669107613561,0.312506709791987,0.302184011245477,0.30440143477632,0.264273303240256,0.269447065285179,0.229760992878743,0.266729080805015,0.29606306114808,0.258807518353454,0.303934933035212,0.305164505518766,0.313071586822088,0.225212657083839,0.231603058847377,0.307323788600467,0.308421112518125,0.279761472468827,0.342142599668745,0.299243203096656,0.341255095282456,0.292091958839895,0.30668327723422,0.282660105225879,0.317463077414702,0.301673494219252,0.309454956783588,0.281520484705659,0.277327103818857,0.264934719569949,0.301527176025106,0.259532881006752,0.226415879303981,0.196737983977983,0.247479567819658,0.243169913268471,0.279240155209037,0.315590650156621,0.267575154063231,0.289452289131978,0.265586603954676,0.330740832648883,0.301400307628258,0.289112165803636,0.245181180593143,0.280273326282387,0.293917527695957,0.23798400033989,0.187056213903991,0.172146429947725,0.21254582340179,0.218656801514665,0.208639403252614,0.315915882345935,0.323885453108524,0.247511095294961,0.1776689442898,0.21179510405039,0.242638899567947,0.178496630066732,0.160994301292737,0.128490534960426,0.101596639074531,0.0932461806418052,0.156357427509218,0.13265805270855,0.211950046082662,0.280513301739595
"2",0.861296300351194,1,0.843348560101775,0.632530839273572,0.543437029418006,0.50821314165745,0.411304089817543,0.364745122148268,0.38154589409344,0.398816709777147,0.435249845298032,0.447198720952593,0.373725928253852,0.373254858849265,0.383923985427319,0.329994798927039,0.344509288049534,0.304627819474658,0.326856462829521,0.362668959302384,0.334275919088568,0.383800530214717,0.359113332466581,0.370940822565505,0.269104983298637,0.287090744127422,0.363925978774902,0.367104301262809,0.32477681397323,0.370217289479141,0.336264758643077,0.397635148402906,0.338651674341074,0.366667266303778,0.306948279003775,0.367308090421781,0.333321957062583,0.344960587505496,0.334248854906994,0.335215223469998,0.307320273506414,0.350545181374535,0.320477787569148,0.287493601034818,0.26019390431747,0.320553406542321,0.319406994239728,0.34012944190334,0.385079658030817,0.323237166743353,0.334301845227167,0.321977408313231,0.384224415037407,0.357366022039442,0.328705078505024,0.28891549893458,0.308550288843205,0.320207656232497,0.289012210245016,0.211801247383648,0.196542943388649,0.244864732355813,0.261908726358517,0.242360288756102,0.334858746517211,0.344342218426029,0.270263666057266,0.201235640870332,0.246446899352446,0.267376700015611,0.209769310411422,0.173908336517175,0.150950320973825,0.120613986421116,0.0655797246818893,0.177402064185372,0.153446626502353,0.207281179732385,0.297301744346284
"3",0.773894116760718,0.843348560101775,1,0.744666230695049,0.580491317825496,0.549198471328221,0.423322610477838,0.371397489162247,0.399397218295791,0.416267222601691,0.460458223476241,0.448798625208543,0.39229507348759,0.391595039700329,0.386624480430447,0.34254123676461,0.357369890929708,0.339166689873588,0.36033902486656,0.382801376262131,0.348076436036425,0.411064934390435,0.373200148375806,0.388920354273062,0.26652061356594,0.302935891343082,0.394056908881855,0.388835148784761,0.352729734601259,0.41318517670557,0.380213409403215,0.430561457326643,0.394116092081038,0.408608935175707,0.354976491727353,0.393632633034535,0.375555810932967,0.399617129450034,0.366886625057302,0.36347459426883,0.33281270550281,0.372307767825817,0.331360204389112,0.292211056742494,0.269176120130706,0.326973162228138,0.332065135009046,0.355624766996121,0.390032710993059,0.34522989583166,0.351263375875854,0.340989351520502,0.404589389574534,0.368549510690895,0.33598496791747,0.27420824249167,0.29279180578537,0.314415854644717,0.344906980386044,0.240161907590407,0.242138315554309,0.275398634207579,0.283971851324418,0.27073871103797,0.339343165900573,0.363137052973045,0.276022936217249,0.222811223525856,0.254099435273176,0.292096217884184,0.21148845414818,0.183024000331927,0.152037275511781,0.14146265714091,0.0825222048787204,0.175213717872501,0.16909570685022,0.216274381860922,0.336978021785529
"4",0.553632645937908,0.632530839273572,0.744666230695049,1,0.637561190714812,0.632973177127034,0.521067169139464,0.477993956638506,0.511212094573657,0.529644163474022,0.553938366405318,0.567084435645108,0.503219259246149,0.484825508134309,0.464775858141612,0.439956360007113,0.441633212658877,0.460958919821135,0.464889980279911,0.485249008280335,0.468188246143175,0.519228097849882,0.468867502051045,0.48654661735544,0.355791951726593,0.392631541302172,0.522765767246306,0.520208180499186,0.459427560087262,0.482589504493421,0.466872696971678,0.525941428542121,0.494635398909251,0.480557938874291,0.431735531154963,0.475492983795096,0.442366610693354,0.473254290005292,0.464271147792349,0.456266290725723,0.402206236493302,0.440674548653261,0.416914349415935,0.391046160285217,0.378570696364242,0.404453588531556,0.435543559444728,0.411517500766579,0.4562099267565,0.427063945577517,0.422392540305204,0.421171794789223,0.472037683364604,0.460953906330592,0.441957323355828,0.360364366060606,0.34345557859141,0.376151465923681,0.420841157318871,0.328742886093095,0.311467858701314,0.379648551997623,0.381404261479262,0.358917712632723,0.379556667890596,0.421477620342771,0.370051049536106,0.315833887852642,0.349597146731879,0.389484539582062,0.29334674849056,0.294975717800299,0.252515809232178,0.200991805407401,0.10479903023874,0.179086929135306,0.234262766224935,0.27865052985333,0.419003961170689
"5",0.470589020775734,0.543437029418006,0.580491317825496,0.637561190714812,1,0.93208175350554,0.765930169639033,0.652963880613793,0.627933856440404,0.60658329109271,0.635626413586892,0.62054958159664,0.56345383955393,0.523930824017418,0.53279009288104,0.518131048612184,0.555063968566797,0.551229830111461,0.566950498165689,0.578255351380015,0.540232196871938,0.592605503361889,0.563060434465713,0.547855519922455,0.434143846992493,0.437435966662534,0.582281842297442,0.576319961033906,0.526184901548872,0.568901434142019,0.555194987246092,0.60184215770154,0.535685515165319,0.549632079321311,0.518549043928394,0.579250546239308,0.512012281827241,0.563351468949407,0.545974432582226,0.529443677206128,0.549080777526167,0.557775713954686,0.488337991308463,0.470956442275881,0.457269795159696,0.500495134399236,0.518736191818724,0.495512049754822,0.502628733428205,0.500012887981617,0.48761887075493,0.475413560240081,0.540626478431271,0.503955085625142,0.443885363175356,0.381334168805178,0.371666070160739,0.393276247170741,0.34857362715659,0.318348554582279,0.320940813292703,0.364610192383742,0.340332869614908,0.305951330535399,0.333077938191673,0.39820432482017,0.311252448308663,0.261112863630464,0.274410879282731,0.304592086448181,0.233890276811235,0.202757209393915,0.180806629589006,0.145057217683215,0.0624954949124299,0.117290138959555,0.225632000257472,0.292729277088301,0.35331407722914
"6",0.433049900762198,0.50821314165745,0.549198471328221,0.632973177127034,0.93208175350554,1,0.802042656194726,0.693045680994327,0.685119383382732,0.668699457770471,0.697249339492263,0.679072803059919,0.597056694093769,0.569425869451264,0.561985468425654,0.564128987536901,0.588936942897638,0.603344605658533,0.623737295414347,0.61683610823312,0.597355612433872,0.662623931320466,0.621072682005639,0.604253660302176,0.48284150296631,0.481794758172541,0.656438880334217,0.639985318811692,0.571193248126507,0.614644514653865,0.596033696245322,0.642216578633739,0.580316293200171,0.605350919324384,0.561077107891281,0.624970863866354,0.55756094206882,0.611126811892073,0.60789227932366,0.593643626056331,0.590309158135422,0.596363205535065,0.537682037960326,0.511150370241148,0.514911827073678,0.543225081000481,0.557889272435168,0.538467101996378,0.53943237059726,0.545461263529614,0.546660186157864,0.543105446676631,0.609955928109809,0.578300798009392,0.524719180656127,0.446439152138055,0.433435423696697,0.452234757029243,0.378958318994561,0.375043221713939,0.362414183188925,0.419942017640583,0.408756318185728,0.359874577400797,0.384703147732285,0.456639470497417,0.384122367921782,0.341968047543235,0.336909385816207,0.372483522239241,0.2966092049137,0.264723121137436,0.230631552787605,0.194148421202244,0.0772548745450555,0.121343695257153,0.271890920826661,0.333590590524104,0.401247034554927
"7",0.321017474099789,0.411304089817543,0.423322610477838,0.521067169139464,0.765930169639033,0.802042656194726,1,0.893411409172288,0.833656425355735,0.789213787251921,0.772122198821191,0.78916941928273,0.719591347124646,0.682228165191172,0.655049757809122,0.693853799849547,0.732383522822363,0.751445796972718,0.718992136597178,0.746174802183414,0.730490622485086,0.75605912689564,0.764845446079818,0.725162422395755,0.607918709726806,0.538906422192481,0.732062329414204,0.711641777291658,0.658958390244275,0.616447725082418,0.633779070662964,0.709991590470385,0.647313418297889,0.672225240258207,0.629793942946829,0.687968428012509,0.605708480304189,0.671182700201842,0.686607395660865,0.674573939469989,0.684819451265834,0.690049318107565,0.660080544142891,0.670983676926936,0.660956555636384,0.644170847571061,0.661317203385055,0.631517616080354,0.589178248890478,0.640637009165014,0.635496038156309,0.586557470997325,0.65810462977607,0.617579486766796,0.545295332368509,0.487156022224107,0.510038105396022,0.47622179436951,0.367109556737369,0.363304519959141,0.36176437134766,0.481368560184117,0.453350690330111,0.396844030963972,0.416866289103864,0.492734252232367,0.418366299164514,0.383139970558305,0.395874245252097,0.401404362497843,0.343363780941865,0.307944368580033,0.259929254222204,0.202822119995643,0.0978874201858476,0.125368154890152,0.274764873984544,0.360743766758405,0.404679958399705
"8",0.271849911997052,0.364745122148267,0.371397489162247,0.477993956638506,0.652963880613793,0.693045680994327,0.893411409172288,1,0.914764399579228,0.857686581157999,0.820414916434892,0.807557273467462,0.756715602213137,0.729143859814435,0.712495349544001,0.763465423599385,0.782043141101236,0.812772113673733,0.766131139316595,0.792376736242676,0.780621133654775,0.753760541097839,0.785385745784058,0.740297253501401,0.633695329254909,0.547699825282661,0.722116532078531,0.722287420291332,0.700178404947432,0.621091034406294,0.661580952454873,0.742650572611712,0.671942291730564,0.701495036267905,0.649093537706323,0.689248401258514,0.628669359665974,0.674633488639868,0.712547798861694,0.693054135746106,0.699567309193912,0.684295458924075,0.70521518282648,0.714448256412807,0.717716434087818,0.689317607071497,0.695299770019377,0.666572262139351,0.599109064425621,0.65017635099506,0.636315184991962,0.585819560626697,0.634810746799527,0.588545095054153,0.520712245257654,0.477335639949409,0.520474394503773,0.493441284331598,0.361036394869846,0.371146170482837,0.339969637133254,0.470838659765908,0.421137897440464,0.372991152219825,0.40705694141692,0.472662483890793,0.396559400189818,0.361256777574932,0.379140234919399,0.383145219606368,0.324282195492666,0.286591755657978,0.248787386178734,0.202169241595378,0.0958299605587126,0.117797423204764,0.245470611786725,0.339939222345395,0.377295686966086
"9",0.29291163786147,0.38154589409344,0.399397218295791,0.511212094573657,0.627933856440404,0.685119383382732,0.833656425355735,0.914764399579228,1,0.928726885583838,0.891614955039202,0.857735027157706,0.824424248520517,0.79675488561527,0.751424589407844,0.787507609990094,0.795607543839838,0.818556109790289,0.791512306009571,0.753461983749444,0.762936394925461,0.767069775303098,0.780775358816544,0.785155291276666,0.636890257050666,0.560845440658007,0.741939406218746,0.770193512963631,0.7465454638164,0.6837463127785,0.723695717881409,0.765744079752019,0.713531453687858,0.771380599484062,0.719201279668949,0.748681708387234,0.69123611478158,0.726155412944195,0.788293793126406,0.76592564652208,0.766545415201633,0.745512729625542,0.784051411488512,0.760377224892415,0.748727388456069,0.740557984164145,0.752660033361041,0.719745972149826,0.654208490076795,0.721208862514484,0.696470033686674,0.645139856479677,0.681292862091388,0.634543639440464,0.572795198275935,0.522683460176308,0.551360016782672,0.51529165856256,0.41381248433775,0.414791726887502,0.381421806839675,0.511977268691203,0.46529756906451,0.416466968613874,0.450728686661967,0.520825334920287,0.44039968881074,0.409478452663135,0.431932725258784,0.413048293574866,0.363844866496817,0.333734161892955,0.289736356510623,0.232788817912488,0.103069120619062,0.117956866541503,0.27560191506348,0.365501212611879,0.436122738347316
"10",0.306065763115471,0.398816709777147,0.416267222601691,0.529644163474022,0.60658329109271,0.668699457770471,0.789213787251921,0.857686581158,0.928726885583838,1,0.912671932165099,0.867848353257886,0.82247796650975,0.804563053108181,0.751953643849694,0.772175807646974,0.767177839698127,0.783048337557218,0.750436418919765,0.727389501375437,0.724638181662698,0.748915338872887,0.737063520678551,0.758097981681057,0.624171281325964,0.572149538583928,0.725421672520117,0.751426689173331,0.701809537087669,0.646986883407268,0.682416177694293,0.732606234980998,0.687572541104096,0.746956637248576,0.692808038309084,0.710621528160207,0.657284680412052,0.703868054354882,0.773782492959923,0.746236959046067,0.723321959078924,0.712746106573263,0.746768338809046,0.718224187148594,0.716680839587438,0.713155920496506,0.725125105046781,0.679997772406873,0.635558499895624,0.697057549973674,0.695034031336611,0.647129692448635,0.673422625745061,0.645574854717468,0.592365941856912,0.539770918380375,0.550341158497793,0.520604901694539,0.429751782513771,0.463747304811559,0.397657387178837,0.506329500792431,0.474852382417255,0.435521308530508,0.463290214922135,0.536202650651597,0.47418378837219,0.440924248862709,0.448248847331184,0.433170267466013,0.378978790957396,0.362210339341246,0.321073888369115,0.255671963148892,0.10816710666286,0.13944550072711,0.275818391321813,0.343896540070506,0.457556781457485
"11",0.363586692268367,0.435249845298032,0.460458223476241,0.553938366405318,0.635626413586892,0.697249339492263,0.772122198821191,0.820414916434892,0.891614955039202,0.912671932165099,1,0.89057220026642,0.844066114392444,0.813927568588868,0.76909237632942,0.781737657309815,0.777948883753665,0.770543625525525,0.761224117089201,0.725069630719401,0.740926881629392,0.751905337511631,0.729565077278756,0.749704311365329,0.613116392776469,0.59539709242277,0.737365902767434,0.75703902121489,0.723326382368017,0.691925714572867,0.716432311717157,0.76976266211564,0.70449481721361,0.754021798032742,0.704502199401574,0.726610590419139,0.683148463619947,0.726276853500854,0.787013532986402,0.750861682800828,0.74134558631222,0.750024090744927,0.747888812378927,0.713892685141472,0.713735958718344,0.720258230662143,0.735386898361976,0.688394853011271,0.65610960699893,0.698918922596184,0.702989976869508,0.681870988026434,0.703455225100809,0.67376940296048,0.613146548343663,0.570187032347151,0.572479562684621,0.544958361693414,0.465310744090911,0.479631427093941,0.427034447508613,0.518814373424135,0.489667234007286,0.442171808098697,0.487083772686206,0.568864346450415,0.502982665698288,0.465753472769383,0.466606042566577,0.467501991817294,0.397031179604544,0.383051977775101,0.346327847458516,0.275364052701261,0.128002710111548,0.166176095626201,0.281516839618545,0.386590433242204,0.487470352324619
"12",0.365669107613561,0.447198720952592,0.448798625208544,0.567084435645108,0.62054958159664,0.679072803059919,0.78916941928273,0.807557273467462,0.857735027157706,0.867848353257886,0.89057220026642,1,0.862409068440487,0.817297910472269,0.768844305868274,0.784859353147413,0.765672607089102,0.781354402245043,0.770214191654663,0.753382693891432,0.744138027161777,0.775988148492,0.763289033691568,0.758325681220373,0.626261101531572,0.581933032280886,0.74480380862129,0.753767037011546,0.708005101180091,0.655196037107008,0.674646351612257,0.742644164222237,0.672299716290214,0.718033478792788,0.684617303136866,0.694120153848248,0.643824154635273,0.710271852348784,0.75699578269296,0.728956781470614,0.709136999176305,0.72665306838299,0.711746977030357,0.692959703936939,0.690049422895141,0.696586259997481,0.719425020237745,0.680154057093592,0.651261730798794,0.704578222950957,0.705202260162284,0.674495777962602,0.695916048884469,0.681386774379583,0.635511274619557,0.581061822089105,0.568319247401911,0.523208530567013,0.446857777027916,0.489583873741059,0.424818454867119,0.5458920844114,0.522992467321341,0.473460103108735,0.488175304445785,0.579871450119786,0.521038534389769,0.484613297803368,0.498494264467185,0.49533736583679,0.425401781413753,0.415216343808614,0.363581660545842,0.296760006462964,0.168896145191864,0.182481946529701,0.30211415557111,0.409324261323757,0.502140327525013
"13",0.312506709791987,0.373725928253852,0.39229507348759,0.503219259246149,0.56345383955393,0.597056694093769,0.719591347124645,0.756715602213137,0.824424248520517,0.82247796650975,0.844066114392444,0.862409068440487,1,0.871996836361931,0.809676246110059,0.765243770660187,0.768366956659274,0.749104764509431,0.751259671993626,0.711378306290417,0.685103578304706,0.70174535415352,0.704499950907016,0.717519926876116,0.607437125680749,0.542084912966018,0.690299244549604,0.726424643241789,0.683945813148636,0.615434252875487,0.651621855605265,0.704302725492077,0.670953016661385,0.711377555790914,0.686186416305886,0.683637717770268,0.642355983058847,0.698790877984512,0.746628666854129,0.721715923318973,0.71685258055732,0.72664006667172,0.729645109102888,0.716845878992418,0.691013780267128,0.702599683188269,0.719458135200178,0.671832402523269,0.640228247826573,0.701125958978776,0.665953124121271,0.636258443696391,0.638653759246762,0.6027628500771,0.554549045285119,0.538918598748356,0.538865932781759,0.473490244685231,0.394236847440554,0.39858657738208,0.374553426803268,0.488006734445113,0.445320252279158,0.400531118087755,0.429455683086855,0.496635031634569,0.434517014901288,0.404784844147306,0.419857250294001,0.405402778436277,0.343082393092149,0.334208991618247,0.298545402960374,0.244563121144656,0.159366142807385,0.142606472120318,0.267062922800471,0.362588631161618,0.453498838653331
"14",0.302184011245477,0.373254858849265,0.391595039700329,0.484825508134309,0.523930824017418,0.569425869451264,0.682228165191172,0.729143859814435,0.79675488561527,0.804563053108181,0.813927568588868,0.817297910472269,0.871996836361931,1,0.881168764679648,0.784857057184127,0.754162542172854,0.705701497909786,0.708390827443388,0.686483764754875,0.672117130584018,0.69304606939674,0.695836808718547,0.699146485339041,0.609949309956395,0.528582456240963,0.661263285188386,0.695876629664293,0.637737247863813,0.561243037055432,0.589371817329068,0.652570921287111,0.629541189225187,0.66502337226282,0.613193404603514,0.63809653293709,0.588842749293357,0.63034273107893,0.687005144130409,0.664686734722457,0.649248300588177,0.674782003922778,0.675777461561441,0.675532909038637,0.644051724948358,0.665427497953205,0.659044153211824,0.624447573148911,0.599656285553302,0.644268303688491,0.628800381730963,0.607245020539129,0.595804863559414,0.567650765133906,0.526048944159612,0.514539115455812,0.508554497453732,0.469528613244378,0.389647883916685,0.377302574295707,0.37901660431191,0.467489090598939,0.421837250697361,0.383783495270701,0.416631509602877,0.470560191155941,0.409833416949302,0.390223489909504,0.405606930184953,0.388847809803753,0.342115091491324,0.31754290691318,0.268504691400219,0.231699025216105,0.134407139406743,0.149396572587786,0.302874080316704,0.344378789518137,0.44842711656556
"15",0.30440143477632,0.383923985427319,0.386624480430447,0.464775858141612,0.53279009288104,0.561985468425654,0.655049757809122,0.712495349544001,0.751424589407844,0.751953643849694,0.76909237632942,0.768844305868274,0.809676246110059,0.881168764679648,1,0.793657812268078,0.737432807987944,0.66800778903812,0.699048968997938,0.69493888240022,0.652301543346835,0.65085864592964,0.64755368822128,0.649293711684336,0.57267129074396,0.496414577333969,0.63406442036033,0.674246379983685,0.616712688383131,0.554616834108623,0.57421687160815,0.637130941152201,0.605441459678897,0.644233219833166,0.582388259906212,0.620001003178825,0.563285314648943,0.595235289682609,0.642915888253292,0.622778509212068,0.612280304640672,0.656990786440352,0.648884452433901,0.627831177275789,0.601939466604479,0.652230272048536,0.642678734762967,0.610630183714662,0.584991968219998,0.608327698740303,0.574150003477014,0.572411863324621,0.564356871065839,0.522644398672292,0.472404498873367,0.470024577839105,0.472014766730212,0.436474715262562,0.340633154854411,0.35923518811877,0.339233601944752,0.414715804375253,0.367359651995695,0.326799787716426,0.361099873073481,0.418258383714812,0.333333459773402,0.309159323559336,0.328072758618241,0.326543479011875,0.280280962121959,0.242753529089472,0.212824353649628,0.186215719662358,0.107057545514438,0.140980443544096,0.275327006460004,0.300298977192509,0.379012406961308
"16",0.264273303240256,0.329994798927039,0.34254123676461,0.439956360007113,0.518131048612184,0.564128987536901,0.693853799849547,0.763465423599385,0.787507609990094,0.772175807646974,0.781737657309815,0.784859353147413,0.765243770660187,0.784857057184127,0.793657812268078,1,0.818366180170337,0.769417252438402,0.731227828592297,0.717550691260922,0.696943043503928,0.690426649199227,0.707236289786601,0.686290505400496,0.563786493561644,0.537123936063685,0.651162057919942,0.665853190025663,0.638287240623979,0.576884294026682,0.600249717351915,0.678240161128119,0.622361717457276,0.648156193672463,0.594315901352764,0.623785506352282,0.596549832037201,0.604937051151,0.661141875835363,0.641283840289852,0.628665959421325,0.655871101472249,0.667921897452178,0.66934217396559,0.642701246743279,0.639598121512483,0.653715251648338,0.616736568158279,0.563115374526672,0.610319796045125,0.609642406796025,0.598163807367553,0.601017380748026,0.565934441261256,0.521043507235777,0.502836044456906,0.520912887314724,0.469747389086087,0.373748549820795,0.398259812286476,0.367668991366876,0.479826761699509,0.453962659574313,0.40451350538219,0.425376751243801,0.503655678804346,0.430228353872091,0.409940285570172,0.424303274918723,0.416608181399052,0.367536175028157,0.334398256573011,0.28547588393603,0.246263703196171,0.124482790469372,0.164322417189727,0.277829678483654,0.374020001940083,0.436522821981473
"17",0.269447065285179,0.344509288049534,0.357369890929708,0.441633212658877,0.555063968566797,0.588936942897638,0.732383522822363,0.782043141101236,0.795607543839838,0.767177839698127,0.777948883753665,0.765672607089102,0.768366956659274,0.754162542172854,0.737432807987944,0.818366180170337,1,0.805670618141235,0.767422705780566,0.744764980909295,0.725295313972986,0.693313071038235,0.717250669488629,0.688097035993407,0.581095168352863,0.547311878637359,0.65690257301932,0.673511502746766,0.650948239185313,0.597536291850903,0.635655951174368,0.694148131899588,0.637332010383542,0.673198146639963,0.620807532853916,0.649990548247397,0.627065016975973,0.637030133215313,0.68540254913317,0.669424116083764,0.670267502346901,0.685780086991275,0.680255869541506,0.699063164420717,0.674201578315651,0.650251826793438,0.67083429976428,0.627230998824479,0.555331956620354,0.632951620942342,0.622605577880727,0.591285722555007,0.609515758833969,0.571913902310465,0.523990021834935,0.504785545021298,0.530569333128242,0.463580605627191,0.359882963672069,0.36549283149115,0.340144793533998,0.48103009132248,0.430924809301312,0.382635586118922,0.433632638297446,0.491097720601131,0.419348143493342,0.399337866209632,0.402205946418374,0.388187736692624,0.348449926641158,0.325159471393595,0.273051450188393,0.224611089655002,0.118094671222459,0.150313999742575,0.25443253380026,0.358440791422036,0.413395661184005
"18",0.229760992878743,0.304627819474658,0.339166689873588,0.460958919821135,0.551229830111461,0.603344605658533,0.751445796972718,0.812772113673733,0.818556109790289,0.783048337557218,0.770543625525525,0.781354402245043,0.749104764509431,0.705701497909786,0.66800778903812,0.769417252438403,0.805670618141235,1,0.817596137335053,0.767638546869062,0.741817121379672,0.733978246959076,0.739997825030653,0.705023292862864,0.586825058368702,0.546840676569721,0.689158013064274,0.691769164975387,0.647678508996554,0.575666649233095,0.62579344691356,0.704650976590398,0.658575948319266,0.658854676740371,0.627407783835452,0.664677512505081,0.60548445174541,0.647281874568689,0.705724520305409,0.685233740206711,0.657978455389781,0.65737416492792,0.676456029744,0.69348065525078,0.708658668523689,0.65788789462006,0.673930469023077,0.621460296179411,0.560753385895302,0.623443241265914,0.640505992852567,0.60006932444073,0.630968365349485,0.609491945220365,0.576080804448192,0.495772186000157,0.507174366723368,0.463167590612453,0.376877265742789,0.401728536186174,0.394722133236662,0.528424712936405,0.488128960275727,0.423924051589066,0.451361856988571,0.517204796117583,0.473842830584402,0.460768966032186,0.448782883014079,0.437627429619393,0.390530269793494,0.37822760195385,0.329920498781378,0.29240254836803,0.123839720105125,0.115570418284342,0.273238860906318,0.371668297487268,0.42755120995339
"19",0.266729080805015,0.326856462829522,0.36033902486656,0.464889980279911,0.566950498165689,0.623737295414347,0.718992136597178,0.766131139316595,0.791512306009571,0.750436418919765,0.761224117089201,0.770214191654663,0.751259671993626,0.708390827443388,0.699048968997938,0.731227828592297,0.767422705780566,0.817596137335053,1,0.825396622428612,0.748129296777129,0.726799222192803,0.73852778047938,0.717616628103444,0.612990230924096,0.536507144965757,0.710202713635695,0.71222277377116,0.674421207310982,0.610993495011904,0.65985507081291,0.733700810796293,0.671760383525782,0.701271367331516,0.65992681896105,0.700886866589553,0.645514912740551,0.691797017829367,0.748852187737803,0.693833107226184,0.687095801770739,0.70762262640853,0.698585616897688,0.713681626701673,0.712568949984707,0.691998434153162,0.705152332725561,0.643952403498085,0.583300151022738,0.646951576539152,0.63530887569644,0.627456988367581,0.640956090456995,0.627591812105607,0.570360368766982,0.537683398735011,0.552051492880031,0.487070145107121,0.422002411490614,0.447859026808882,0.393342202012119,0.50353506609266,0.467546471400122,0.406643598295577,0.438681371678901,0.504493320588932,0.440686578624722,0.421855165208445,0.430027919487118,0.438679170601451,0.37074102321872,0.337478990693834,0.30592834409153,0.247622977411115,0.149937016857224,0.146275812376919,0.275464512676133,0.371859483949804,0.424772687044132
"20",0.29606306114808,0.362668959302384,0.382801376262131,0.485249008280335,0.578255351380015,0.61683610823312,0.746174802183414,0.792376736242676,0.753461983749444,0.727389501375437,0.725069630719401,0.753382693891432,0.711378306290417,0.686483764754875,0.69493888240022,0.717550691260922,0.744764980909295,0.767638546869062,0.825396622428612,1,0.815361513894594,0.755560233713006,0.781843667520824,0.71312158737841,0.641648947803023,0.507842874495736,0.711639502174941,0.698639784698249,0.680418282926421,0.611529459335162,0.645289713342516,0.725571788228709,0.655758582184115,0.659602744367563,0.631207322716624,0.65992511117167,0.596865714519593,0.676220909935685,0.691221616973535,0.655873271755832,0.660741356379149,0.678111516321937,0.649747808017829,0.667870398753218,0.661241588891083,0.656839806059088,0.669946304501585,0.623223477969688,0.575998186204012,0.621338742574028,0.609340165690318,0.591848188255053,0.631899621255368,0.596807921147252,0.533171908208388,0.500802861664992,0.523320708083102,0.484135819595357,0.390163736398959,0.419899986279299,0.357407341425793,0.457955407627413,0.412675907097989,0.364662428676702,0.403543609558801,0.478863251910114,0.391923826208833,0.361003571079864,0.36995975956478,0.387440292814044,0.319328270131186,0.279429747165617,0.243273327475785,0.195810961108004,0.129775061543694,0.14922454422639,0.258085780920959,0.365982912986597,0.392823522729821
"21",0.258807518353454,0.334275919088568,0.348076436036425,0.468188246143175,0.540232196871938,0.597355612433872,0.730490622485086,0.780621133654774,0.762936394925461,0.724638181662698,0.740926881629392,0.744138027161777,0.685103578304706,0.672117130584018,0.652301543346835,0.696943043503928,0.725295313972986,0.741817121379672,0.748129296777129,0.815361513894594,1,0.800217345027909,0.790625888445354,0.72746297369965,0.641816565092445,0.575317233072345,0.739727630552478,0.730420206409294,0.749276773143043,0.689061283166481,0.712153476127902,0.733015940659288,0.691188220540207,0.699617712833112,0.664464161928377,0.67266086304785,0.633326724263404,0.663081359784167,0.691110699048717,0.675760403470322,0.663473625582959,0.668669493558185,0.669544435365861,0.695280078382556,0.692976605551091,0.673764366556147,0.690223114368678,0.651561386238891,0.576890709796883,0.641694395129227,0.631659197570142,0.59964459954331,0.639493233964827,0.626911394563795,0.584430601133721,0.536147768809779,0.555898339102207,0.487782231146095,0.418944171033941,0.426877671729936,0.400327592156132,0.51754284404429,0.474661599371718,0.42337212050579,0.451714188091146,0.518903567644849,0.457979166018423,0.433644198688766,0.434924647399838,0.419282233214769,0.367540834291577,0.353843725657542,0.303395736780239,0.254729078556781,0.128972240364823,0.159635498423118,0.273823548048685,0.380147712796094,0.438129098219964
"22",0.303934933035212,0.383800530214717,0.411064934390435,0.519228097849882,0.592605503361889,0.662623931320466,0.75605912689564,0.753760541097839,0.767069775303098,0.748915338872887,0.751905337511631,0.775988148492,0.70174535415352,0.69304606939674,0.65085864592964,0.690426649199227,0.693313071038235,0.733978246959076,0.726799222192803,0.755560233713007,0.800217345027909,1,0.841926757517816,0.778677167891182,0.639061002888842,0.588671949829892,0.788677909540293,0.744522894395867,0.696142801870736,0.679942601643126,0.691999930964082,0.727886251497275,0.68803804512771,0.731685152389638,0.650539648524094,0.682489609413945,0.60952700752783,0.675172610238427,0.682811427882558,0.663865325433835,0.65232922861425,0.669769334396079,0.650990254229453,0.652346540045945,0.65697100958136,0.660480836373265,0.664727879686308,0.626240771615265,0.596472885559645,0.652321455525562,0.650620463082122,0.645862533135091,0.674486288189402,0.659883134096412,0.589704831774501,0.548294319392456,0.548779210083003,0.492511148779491,0.438818750435359,0.451938835250072,0.437751885025532,0.522066158642864,0.497089932467572,0.437593170900913,0.444947510802757,0.523502235440883,0.46516381546961,0.443520350107224,0.460526515544369,0.440847965189659,0.405507552426492,0.380056173744888,0.303863894470757,0.278076096892245,0.132755080721771,0.17356706326738,0.314477309430313,0.366276241665956,0.44217435940722
"23",0.305164505518766,0.359113332466581,0.373200148375806,0.468867502051045,0.563060434465713,0.621072682005639,0.764845446079818,0.785385745784058,0.780775358816544,0.737063520678551,0.729565077278756,0.763289033691568,0.704499950907016,0.695836808718547,0.64755368822128,0.707236289786601,0.717250669488629,0.739997825030653,0.73852778047938,0.781843667520824,0.790625888445354,0.841926757517816,1,0.828376908414299,0.703727106057694,0.57751044876692,0.797970901846941,0.7479274041794,0.715994016110512,0.671249992477501,0.686647302431363,0.739971243005781,0.697124428715893,0.728770354368076,0.668483959151379,0.685167948857505,0.612603890847539,0.68706198249016,0.683914879283019,0.677974852120505,0.681694708916023,0.692848992642363,0.673985076176487,0.683246377106272,0.671046983528537,0.654100891390302,0.669010551461569,0.63838903233279,0.616828260363016,0.674425955714864,0.657984922833466,0.647755958674656,0.668507112351938,0.642874434925813,0.574537249355696,0.552458452134612,0.56820337355095,0.507161279530604,0.435489307679528,0.411442932951064,0.415356452764835,0.529754993193668,0.47611788989833,0.429931835478377,0.439325456330966,0.518948419332216,0.449471492315079,0.422878447640391,0.450375635718829,0.437549400735385,0.393933673369596,0.366399212238475,0.285678122190907,0.250465173440398,0.161985985734469,0.162304008568531,0.319036222774474,0.394555461921881,0.427841362445444
"24",0.313071586822088,0.370940822565505,0.388920354273062,0.48654661735544,0.547855519922455,0.604253660302176,0.725162422395755,0.740297253501401,0.785155291276666,0.758097981681057,0.749704311365329,0.758325681220373,0.717519926876116,0.699146485339041,0.649293711684336,0.686290505400496,0.688097035993407,0.705023292862864,0.717616628103444,0.71312158737841,0.72746297369965,0.778677167891182,0.828376908414299,1,0.705780648164979,0.589787590881487,0.785890171203052,0.77764870063141,0.718313081523882,0.664911111618149,0.687155381725688,0.73934841004954,0.696944009674124,0.752908716896868,0.685834604152298,0.694508333940762,0.635028846762159,0.699696158609753,0.719240531896766,0.726915239281688,0.716965016232033,0.713826198216936,0.709584704889783,0.693016499002282,0.658364368481123,0.658808856498505,0.676202450336048,0.644041974836721,0.646988445844452,0.703510238563489,0.660503654809224,0.636701035727792,0.659652615266809,0.641223271705107,0.582730435706605,0.540612537557281,0.558667245953978,0.511707967376527,0.442347140445357,0.407642619183039,0.430175256450492,0.529639313902374,0.484578419070176,0.444099714143772,0.453551733360989,0.51741657973869,0.461281616645415,0.430292728592203,0.455478677337207,0.435113224767497,0.395501602622502,0.377904202383847,0.31584577094527,0.258970850761297,0.130605966749057,0.16755317566125,0.317377807624751,0.366952852635948,0.450925786201848
"25",0.225212657083839,0.269104983298637,0.26652061356594,0.355791951726593,0.434143846992493,0.48284150296631,0.607918709726806,0.633695329254909,0.636890257050666,0.624171281325964,0.613116392776469,0.626261101531572,0.607437125680749,0.609949309956395,0.57267129074396,0.563786493561644,0.581095168352863,0.586825058368702,0.612990230924096,0.641648947803023,0.641816565092445,0.639061002888842,0.703727106057694,0.705780648164979,1,0.526850671396833,0.709114745276609,0.66205481016316,0.597135052397826,0.525924185046677,0.552767572659473,0.620849051263541,0.558101505619918,0.577513971115498,0.553360888932311,0.536717157094772,0.529162572391052,0.583261307749615,0.593892230563696,0.557266032185716,0.560014983878954,0.574543233239955,0.543775225380014,0.534164146474367,0.532252274533411,0.527243415740934,0.540512134324263,0.5067897824186,0.52850479840489,0.589536918420859,0.524753566191151,0.555808856124472,0.572170428761755,0.551553853500161,0.483880810323306,0.469905994639311,0.471899562614872,0.441990048656633,0.39513051712832,0.37293445521113,0.368355292158878,0.450156846291463,0.401511929908707,0.352491788576635,0.361869913073958,0.405062475189087,0.369101741404212,0.356642671721661,0.361000669754531,0.312088802683702,0.299614191302675,0.307626804545046,0.268762647316413,0.216190448783186,0.0924171264804523,0.113047922394638,0.277982769131058,0.291394461737852,0.344647708556434
"26",0.231603058847377,0.287090744127422,0.302935891343082,0.392631541302172,0.437435966662534,0.481794758172542,0.538906422192481,0.547699825282661,0.560845440658007,0.572149538583928,0.59539709242277,0.581933032280886,0.542084912966018,0.528582456240963,0.496414577333969,0.537123936063685,0.547311878637359,0.546840676569721,0.536507144965757,0.507842874495736,0.575317233072345,0.588671949829892,0.57751044876692,0.589787590881487,0.526850671396833,1,0.679799052076712,0.632518275426117,0.5415213897078,0.532199810148928,0.5598874699426,0.586730251817114,0.54087467825895,0.533918924857351,0.500520341949117,0.525232965351632,0.497480044000936,0.48878594886612,0.523987458764029,0.515976254660344,0.487813190507817,0.508765831687601,0.506196612277974,0.487490271253179,0.495814136804687,0.520404316809874,0.519565520596502,0.47750067144952,0.482120262873403,0.462909801411675,0.476122528021443,0.519499809792773,0.515487381644653,0.505277636482981,0.486559181575148,0.423754925138595,0.39197794399926,0.395741695160631,0.40185302015667,0.395584243288956,0.411997386182652,0.527364610346638,0.475008209821197,0.420126481558688,0.405747289747776,0.451503560160465,0.4420157586803,0.43363137715157,0.452875227647442,0.440603667134781,0.373164871543768,0.378793633616245,0.304286933015813,0.267526040592172,0.15664720951772,0.193484055517942,0.327830613930474,0.392440110856815,0.412236109849827
"27",0.307323788600467,0.363925978774902,0.394056908881855,0.522765767246306,0.582281842297442,0.656438880334217,0.732062329414204,0.722116532078531,0.741939406218746,0.725421672520117,0.737365902767434,0.74480380862129,0.690299244549604,0.661263285188386,0.63406442036033,0.651162057919942,0.65690257301932,0.689158013064274,0.710202713635695,0.711639502174941,0.739727630552478,0.788677909540293,0.797970901846941,0.785890171203052,0.709114745276609,0.679799052076712,1,0.863220474306214,0.757400969292378,0.696748203030424,0.729040137082966,0.758207617611012,0.726010083189897,0.74032333919432,0.705714989048105,0.720425567355977,0.639657235527303,0.73047421321632,0.718917296637517,0.70592474007183,0.680268022912313,0.711329911516591,0.666362635930561,0.657343934312288,0.641422433623429,0.662583899411429,0.692249927809268,0.653292031660872,0.656456345641477,0.708236496737631,0.687255011657247,0.700255587373618,0.716269603123832,0.708808266462847,0.649104065477976,0.58877224498893,0.565287892444307,0.523451784345579,0.498018518271904,0.470829015294075,0.481516838540178,0.542495495561085,0.497485424596884,0.449808734823064,0.47067080107789,0.531581011820769,0.48832897686514,0.464236673132379,0.474144559579389,0.443717180118533,0.399908311943336,0.39337922635276,0.328144960061198,0.279731548672881,0.149102993055415,0.183823556243642,0.33917539810077,0.406325791577638,0.463444579007012
"28",0.308421112518125,0.367104301262809,0.388835148784761,0.520208180499186,0.576319961033906,0.639985318811692,0.711641777291658,0.722287420291332,0.770193512963631,0.751426689173331,0.75703902121489,0.753767037011546,0.726424643241789,0.695876629664293,0.674246379983685,0.665853190025663,0.673511502746766,0.691769164975387,0.71222277377116,0.698639784698249,0.730420206409294,0.744522894395867,0.7479274041794,0.77764870063141,0.66205481016316,0.632518275426117,0.863220474306214,1,0.78835415661073,0.707501890980273,0.738683772335586,0.763954887146234,0.734457197941391,0.756177673962971,0.730215029566367,0.760454643894347,0.683910511725098,0.740767165161298,0.756295342156657,0.751585874495702,0.715645113332479,0.73997971374269,0.726755531669948,0.687145018458378,0.675307695166254,0.695199341596481,0.722551253741241,0.696044538478213,0.678221484774923,0.711740220066608,0.679397983692158,0.671064835654038,0.709700334506851,0.685326630575664,0.638421080869005,0.577212249054521,0.557664966477976,0.51913754923995,0.472126240569263,0.493139688297853,0.452025261260343,0.557186604721526,0.50985268702349,0.456394225393447,0.486759536845347,0.555942009202369,0.482010336434988,0.449719892944665,0.484193585413159,0.45365525635937,0.399735635487294,0.377040041942733,0.331967219292957,0.270270955403422,0.151149012611736,0.214602902459639,0.339236137459842,0.400680125400525,0.488376163925663
