"","V1","V2","V3","V4","V5","V6","V7","V8","V9","V10","V11","V12","V13","V14","V15","V16","V17","V18","V19","V20","V21","V22","V23","V24","V25","V26","V27","V28","V29","V30","V31","V32","V33","V34","V35","V36","V37","V38","V39","V40","V41","V42","V43","V44","V45","V46","V47","V48","V49","V50","V51","V52","V53","V54","V55","V56","V57","V58","V59","V60","V61","V62","V63","V64","V65","V66","V67","V68","V69","V70","V71","V72","V73","V74","V75","V76","V77","V78","V79"
"1",1,0.889755835071224,0.777323029350261,0.637916255290778,0.678387409455657,0.556957777666487,0.425319241937937,0.381565780998162,0.33484686008252,0.338260123294521,0.344151626073203,0.343209688044143,0.338778108231881,0.308760994896532,0.295443913493943,0.249176595934564,0.283472127698786,0.298927183778478,0.24922145579483,0.271282743771174,0.272609364257187,0.28923893476854,0.316252302146012,0.309115501924064,0.293113343495598,0.298547703311115,0.303956219565829,0.256666740899931,0.199376119752466,0.213402689632136,0.208324936280107,0.210576463092355,0.191964313406208,0.242812206808867,0.238720710275001,0.244058579544128,0.229885169111108,0.26195559472675,0.299305104911603,0.250399320578062,0.218873352122573,0.224124127878161,0.261269771393241,0.254900054088378,0.334245512689747,0.267683942878232,0.29528570561765,0.352907655973953,0.338411010438959,0.232827461195594,0.274074553344216,0.3514552244088,0.324358932583319,0.223644703746408,0.254451818528956,0.214722290929794,0.211432556633957,0.198346222579084,0.262057640869323,0.262320274703708,0.239009318998068,0.282523187241098,0.249562154301755,0.292966456998617,0.270931759755094,0.261104655678205,0.252648935714863,0.245648164165633,0.198108949358424,0.19687941626937,0.284538722941112,0.281539719909311,0.235256062680451,0.201082482828976,0.21961454655621,0.0857527363777465,0.15778276434194,0.260433629928892,0.205392260604709
"2",0.889755835071224,1,0.842335636684663,0.663700000309625,0.725794794328798,0.595494245679957,0.451279602448336,0.376878954181675,0.33290588683493,0.327005536371782,0.328921096992096,0.348016964567039,0.35082638744076,0.34101567124117,0.336429746463651,0.307433533790842,0.322978454308607,0.334218617529491,0.298970918343248,0.305780990281313,0.301310975997392,0.315524754179467,0.330067352512327,0.318139201157234,0.299438702153715,0.305944126778996,0.311483687854876,0.25857468110274,0.205291602208086,0.228101347832854,0.223440728712871,0.226383416969881,0.205543212872791,0.248568067784599,0.260118574852346,0.249545916267598,0.227466246358371,0.256007810239725,0.315355112138811,0.25286888254268,0.224854828395431,0.233034963541423,0.265487959701297,0.268703222807151,0.337550999775996,0.269110196209646,0.307258289842594,0.354963890591941,0.34959057908079,0.250976041349736,0.269723815969307,0.351048443290227,0.327255513145202,0.247275822980685,0.26866146979355,0.252880138940132,0.234401167959236,0.211970486147058,0.286134389340977,0.268006314979102,0.257440698958772,0.296683335013252,0.278024911183325,0.314108326215868,0.312696814463788,0.262556051942775,0.248691332548522,0.220742124684046,0.20325463084876,0.193142295088472,0.302708206267435,0.297044761710677,0.249588741763988,0.216967383305501,0.216905048587774,0.0780455297350273,0.167828427032957,0.248354132400724,0.214606891653362
"3",0.777323029350261,0.842335636684663,1,0.642442303885031,0.707171024336339,0.571214001650466,0.446983009156261,0.38431527934963,0.352022940666451,0.344117928913888,0.369530768648632,0.378255073301076,0.37158309992234,0.352886682105474,0.350123863394832,0.311632026370452,0.327501940533429,0.345097200137237,0.287424437549113,0.314198903121424,0.304972584549177,0.324134124327295,0.334373698411717,0.319715279106228,0.297189682258532,0.344841098806833,0.34786930612281,0.299519879808591,0.237019166424223,0.263270808200086,0.262689653353226,0.251907329480355,0.241968837234975,0.309215452892307,0.297480311841966,0.311501174934948,0.269280492717477,0.303818221544011,0.367668596753205,0.309550440500385,0.30165145358907,0.295465668784654,0.344172464229587,0.312644089447524,0.399511723676054,0.307087697366887,0.353339465060165,0.391775141708265,0.398696566557742,0.298078692331154,0.326579319205533,0.390370191341826,0.356063310752924,0.256055021453973,0.301182769404607,0.250009048187408,0.246482355127861,0.246759142868853,0.282531296180927,0.292760369735776,0.301923477485394,0.34902433868864,0.333133203485539,0.32952195350421,0.337643395082623,0.323293046071568,0.302084097951115,0.280160123675636,0.241235781614538,0.224880252215305,0.301002089877058,0.314776093483614,0.271845636764946,0.226705619859052,0.220644119489773,0.0887758632016335,0.193501624352457,0.288696932548196,0.26516107833547
"4",0.637916255290778,0.663700000309625,0.642442303885031,1,0.807326641647934,0.535713758157176,0.421871478375511,0.377266407206538,0.339921348799605,0.356287161988675,0.355281024621272,0.375941478999637,0.389473733613244,0.37307250402156,0.356843596082372,0.328829201036439,0.342247101381248,0.362071820532886,0.323412248201242,0.322049992868197,0.338898898743046,0.355690019311335,0.361158485595567,0.347858107107697,0.340193833421885,0.340166234497791,0.338648284878685,0.297041333585596,0.237009979610526,0.283846721668615,0.269392818556665,0.269540135698099,0.236460211701041,0.303702017088354,0.279891730779813,0.302949926518035,0.28866366846472,0.319485315638936,0.382318843867147,0.3060296734709,0.324560287492907,0.303317563142686,0.353877705288574,0.362667752415057,0.408936168529498,0.329001815894733,0.325549023785942,0.367259184160036,0.340595308748639,0.291681523788952,0.293618714274967,0.355813635625295,0.335013759950556,0.252303370872074,0.276317493834524,0.258410628869804,0.247632720502997,0.220459570889179,0.307126001051611,0.280530007257653,0.278602896523423,0.321110078681707,0.318095203042057,0.325429897792333,0.299056782643539,0.275070032125542,0.267151459476531,0.207989941269115,0.205351584975012,0.186442419240199,0.302161333244363,0.296183277453134,0.278874067876561,0.211349386344347,0.158189841153456,0.106944293497124,0.171201670997667,0.282548429242217,0.227263109056901
"5",0.678387409455657,0.725794794328798,0.707171024336339,0.807326641647934,1,0.706887508454049,0.554440351747501,0.484250446271792,0.439947533482248,0.426322020069778,0.431199726477146,0.456300293931129,0.46829972905383,0.434960919559304,0.443301343000366,0.400638231554336,0.416993328522454,0.435218890546641,0.379466675062671,0.38839334568468,0.397513219516355,0.428882960943161,0.433861472813077,0.402516786954176,0.375489614393157,0.402973432448683,0.405753507757264,0.342475767400819,0.283935450497225,0.335429387075112,0.349042832291969,0.329063699514548,0.316203153631941,0.385637367375453,0.369218980728756,0.369496420727165,0.350512907607267,0.382298852436553,0.454443513031131,0.390685530165723,0.42763877864643,0.389978998103388,0.438092470292218,0.429813490878238,0.466183668487413,0.369190847686624,0.390409526935328,0.423788988670315,0.390339927226672,0.383080950165076,0.355824069233823,0.408196549489675,0.383715283588321,0.298491667372224,0.328191552343918,0.307365396713172,0.286621523472539,0.259809681685197,0.340017058108815,0.320142172470438,0.340060677778171,0.374726282644659,0.37638203631486,0.385415177130125,0.377190519308551,0.36778181461991,0.351263969189204,0.293205481511094,0.243955404261514,0.23687487898893,0.333845437455189,0.324910785742784,0.289541719220676,0.235094583264423,0.138998573197791,0.10658816305483,0.21319223059642,0.328703654440976,0.290705487063915
"6",0.556957777666487,0.595494245679956,0.571214001650466,0.535713758157176,0.706887508454049,1,0.846026718388986,0.675915707177711,0.5747608815293,0.524375038209065,0.565209722093224,0.580569595774636,0.58042983271645,0.539514427474597,0.586994668817943,0.530947545650983,0.536132535136503,0.539498638830507,0.478843012747183,0.51780056305249,0.523670053791757,0.537543953343257,0.552162722094376,0.619471381797269,0.563242223134378,0.670765105019463,0.660815083466049,0.644728566303787,0.614568342000181,0.618382799237178,0.594899733266087,0.571985472326048,0.590441800419905,0.614459139463797,0.654391798220492,0.59521821215246,0.574765930415621,0.60274917776311,0.628666976197381,0.484448958950177,0.493214533661091,0.437954190277078,0.486522057441899,0.504299647069687,0.522547308771849,0.422813362303299,0.467240220224824,0.481862008078069,0.452461243936383,0.529846104771092,0.375680512388972,0.41779672696634,0.404476164936015,0.344587182791941,0.361326589825656,0.362386869001727,0.331646387662731,0.294983289520219,0.374525637114532,0.344657224370167,0.407738778643008,0.411844104336782,0.424877341846098,0.398612038988612,0.428018217171424,0.373661591097255,0.372468953420457,0.315799467112037,0.263622245500795,0.272437287051735,0.369815064682301,0.348267310614853,0.31729754134383,0.287080757128914,0.209580579401134,0.333630116059424,0.444807585053326,0.377956877028977,0.35722424821446
"7",0.425319241937937,0.451279602448336,0.446983009156261,0.421871478375511,0.554440351747501,0.846026718388986,1,0.819559094863692,0.708449901189182,0.633387193481958,0.675525223613829,0.730999720717561,0.71727183721103,0.665584853779111,0.714967835508503,0.651087199799428,0.651744127418696,0.657683123243314,0.591504836693477,0.639356057906822,0.68086549702204,0.670553584907119,0.69952670009349,0.776544704917841,0.711873284686997,0.793457077391797,0.779046667756177,0.754010382199587,0.725097991668137,0.731306179368735,0.69929485993205,0.689925413441681,0.675681510688246,0.692451515435289,0.745131300840996,0.683275994725036,0.635702954093156,0.649633263019091,0.694195701444207,0.545537809086688,0.451701095308503,0.40299436510088,0.441712860754641,0.461282102465724,0.495940947313798,0.406676294068003,0.46054281493664,0.495483289670115,0.474240560198703,0.531179541956824,0.38059046212743,0.421672803044386,0.412522838446248,0.380654106362382,0.38086446113944,0.40669925430612,0.367510093361284,0.354465436396128,0.429743491675878,0.368098310585111,0.45505856427389,0.441262051808171,0.483283906875577,0.44885708712009,0.445321638039264,0.387069823320267,0.355834687200731,0.295145431481596,0.264393872895668,0.283569352067757,0.402740046793805,0.393726221779812,0.337819742525105,0.307117080655739,0.165456838722604,0.364671367628348,0.495056812332771,0.457753505658115,0.481375878178914
"8",0.381565780998162,0.376878954181675,0.38431527934963,0.377266407206538,0.484250446271792,0.675915707177711,0.819559094863692,1,0.917787375595383,0.837471740250826,0.833929416463153,0.834055076810724,0.807335096282715,0.760577126031635,0.756942933737432,0.668480381430572,0.694952904691069,0.723703776157921,0.641329127872161,0.700635204294941,0.744586906993339,0.740993865525424,0.806376016162268,0.762708433377142,0.711424700189293,0.718396366654516,0.736634773482133,0.608212812831198,0.536243707445035,0.562268131072741,0.515691401865743,0.519811022590126,0.491568905363805,0.545686349569632,0.560455658201351,0.567682808406714,0.552268538210712,0.54995685104691,0.632123407615851,0.519161358883939,0.427776129457667,0.393069946609554,0.432516349940001,0.422040629020356,0.4759032067667,0.415852377904698,0.438780839326467,0.470008614340258,0.446197818001321,0.495806592917184,0.397081236987956,0.473285052793243,0.438395187195812,0.380209681946085,0.381315743426944,0.384893468540492,0.364154009523951,0.370738820538651,0.412694140851421,0.381619972865366,0.428309853054996,0.452489643754862,0.484312218651109,0.457803594618873,0.438547399494554,0.395543487120109,0.354006070989771,0.294110782703866,0.269986823954838,0.288566071574543,0.392377641591979,0.400368374136006,0.340577265737534,0.323579013079388,0.146133275925619,0.220902850442633,0.388158340955303,0.589188599848188,0.562898681009004
"9",0.33484686008252,0.33290588683493,0.352022940666451,0.339921348799605,0.439947533482248,0.5747608815293,0.708449901189182,0.917787375595383,1,0.9150198900769,0.867130535435507,0.815215825021155,0.785225322554511,0.736857060142279,0.709620783460788,0.628788927088844,0.647683198886946,0.685964480436262,0.593298567933831,0.64837384667954,0.701235420695285,0.718760463595712,0.768497165505103,0.687431653079515,0.63273079687442,0.629418338544396,0.659221450861277,0.520980806528323,0.443961712312984,0.491264391469743,0.439151685394514,0.458301270722261,0.434707035699539,0.512212957624661,0.486034259870689,0.543441846175509,0.514213728678851,0.508875883494088,0.60675232400572,0.499893837810943,0.412745072074028,0.407745870055349,0.446297583122898,0.409453519089252,0.462689987681731,0.424046005398498,0.42215126021247,0.427426470850105,0.434199475980329,0.477273860195746,0.391148447200668,0.479466025504144,0.432456450276675,0.356614290750797,0.367111721208624,0.350465745865884,0.345080575985095,0.359223681135207,0.36897969486828,0.360244071743454,0.391447679415775,0.433498977406913,0.457621397957984,0.439377648649302,0.429144489996582,0.379235293361725,0.343406006376277,0.282660610280042,0.263668126590631,0.273164569995871,0.34539961692845,0.367800290613038,0.330923609828769,0.309349414728283,0.147539380628805,0.162763826150792,0.340502791756388,0.624769498037542,0.579382866402897
"10",0.338260123294521,0.327005536371782,0.344117928913888,0.356287161988675,0.426322020069778,0.524375038209065,0.633387193481958,0.837471740250826,0.9150198900769,1,0.919907206330712,0.836287049385402,0.796340815104781,0.711028856596623,0.640773313393121,0.55532945180969,0.591043119937607,0.628734530356707,0.526359707619267,0.605388380064145,0.662233782835129,0.683535878457763,0.742635071230956,0.666854100034593,0.623872900928082,0.61457922558192,0.659235762787304,0.524655806292404,0.439453616730545,0.467349015018564,0.422690577600667,0.450421054825113,0.422599585952573,0.495709664050321,0.458875360630828,0.505022629587795,0.481701709417336,0.490355818006558,0.610499559057575,0.490069839774813,0.40240222880997,0.394424013576249,0.437609193910056,0.391427718625427,0.469369033206589,0.446909090250387,0.413052307949906,0.43756710125448,0.425175083338144,0.45614047483026,0.378668178327013,0.489898350503091,0.453023430876469,0.340653896506118,0.367384374319813,0.34454600944512,0.335084619796701,0.368616161075008,0.357065092593933,0.373754295565545,0.376382451185131,0.447479791653998,0.449826029287142,0.426480548590223,0.416345648738419,0.37020973644299,0.332475404973838,0.283758769698629,0.269516402094999,0.281504967437575,0.325393588975645,0.358919869532957,0.337625398686921,0.288398024601335,0.136395334557525,0.148855453643119,0.340233775361666,0.653928614628746,0.517980262512858
"11",0.344151626073203,0.328921096992096,0.369530768648632,0.355281024621272,0.431199726477146,0.565209722093224,0.675525223613829,0.833929416463153,0.867130535435507,0.919907206330712,1,0.874309199840268,0.83886166214038,0.759334796176287,0.698391294423852,0.609059710654249,0.647097935046518,0.676079553507529,0.56327394437632,0.65629997844339,0.691751675055207,0.69500637899142,0.755070207689694,0.712967806656642,0.652224811309939,0.686733580967393,0.727523375329772,0.603767618555829,0.515783316632175,0.525115147507006,0.485185052692523,0.500703729172697,0.486543964028899,0.536350973898358,0.512861151630249,0.539136039253674,0.520816649921709,0.540366049545745,0.634461433570548,0.525040662744058,0.418778111560934,0.411143041958441,0.460229075229773,0.419174395853293,0.50268890927196,0.457419209936112,0.432598976934961,0.439720855477512,0.44715703665672,0.47121134553219,0.40728437425429,0.490580305020279,0.46372870413304,0.354656907349909,0.39184586075985,0.368544312649233,0.364734591084018,0.403360864154014,0.371442674142242,0.395587256199841,0.403060354304221,0.480009772809494,0.49397358534535,0.455394224827233,0.424764130279094,0.4094225952581,0.362681384762353,0.322465043127533,0.282805771965262,0.297939990287381,0.333615939351605,0.369914767669827,0.354229582363622,0.277883575267472,0.166342863202052,0.212981853829765,0.397438226341691,0.62271630285366,0.506674329937853
"12",0.343209688044143,0.348016964567039,0.378255073301076,0.375941478999637,0.456300293931129,0.580569595774636,0.730999720717561,0.834055076810724,0.815215825021155,0.836287049385402,0.874309199840268,1,0.945932846332593,0.871722009560196,0.819473566629458,0.730122583153663,0.7541974261554,0.787614983747235,0.694483661810501,0.760652939766176,0.829245538684051,0.801975645298284,0.842603719256788,0.825784775983316,0.768828666911919,0.735908708834491,0.788975198467329,0.675964429915548,0.579141016352658,0.580683971031082,0.542233667994017,0.560797951532119,0.515802120240374,0.568219980785772,0.565653091930157,0.598010683714503,0.559789410113828,0.57713697080486,0.696997846583214,0.578519657158192,0.463934672600259,0.427058488533925,0.47616537566031,0.452142156625938,0.524809731893156,0.475369737502852,0.475754191637845,0.501187386352199,0.487140354962477,0.502935003625982,0.4382945582181,0.509425678541559,0.503358849433106,0.417323452620553,0.447831670115029,0.423252743328327,0.419853303543759,0.459861895667952,0.43789578695862,0.450707277594987,0.467614070850356,0.510132558641258,0.544906205953789,0.483684755261811,0.449509595299164,0.454652716260371,0.396715978642171,0.341786060063418,0.304387344891604,0.330745832936338,0.409017914500526,0.441264796103037,0.379592974782578,0.346913838763166,0.157096257736019,0.225673339755258,0.409156976459169,0.63438373295534,0.568427645413033
"13",0.338778108231881,0.35082638744076,0.37158309992234,0.389473733613244,0.46829972905383,0.58042983271645,0.71727183721103,0.807335096282715,0.785225322554511,0.796340815104781,0.838861662140381,0.945932846332593,1,0.893422348177648,0.845882571083412,0.768589849207913,0.794287851896229,0.818551989634505,0.730847875129982,0.787412203621988,0.829084818081073,0.814689986715527,0.840827661301139,0.829308526904781,0.767845560281382,0.728187203210568,0.784670097227869,0.664956773768139,0.574839127006508,0.582118397015728,0.550528629221656,0.562939850725082,0.510160779891141,0.56405771681751,0.56023819278117,0.594035320711805,0.541713774207914,0.577765724918318,0.678333822791939,0.570953455549575,0.462260958635213,0.426445146682925,0.47784139869302,0.45652672357294,0.525285382664983,0.484689279191196,0.468716693084165,0.497928911245654,0.48749507946051,0.503889392231068,0.431589069829032,0.512224179806663,0.497408711066942,0.416407415834676,0.450712712316525,0.42330833124244,0.415138247901176,0.45128291286171,0.443608516718271,0.455524926677761,0.465135258586402,0.507594922647757,0.544771104678311,0.506339333547589,0.462317641508939,0.453959251025635,0.38994227439759,0.331246359326633,0.301272907929023,0.320048854256315,0.409431223866013,0.431833733199974,0.370981810414529,0.344557910898032,0.154076539548615,0.235105879480679,0.395529544171353,0.598946122551939,0.540071196237185
"14",0.308760994896532,0.34101567124117,0.352886682105474,0.37307250402156,0.434960919559304,0.539514427474597,0.665584853779111,0.760577126031634,0.736857060142279,0.711028856596623,0.759334796176287,0.871722009560196,0.893422348177648,1,0.927477645243364,0.866116331706402,0.878883021369734,0.892586890515132,0.835765237792047,0.863718156791372,0.862469197130805,0.845918769863296,0.85719577828265,0.814799214382501,0.731613763521171,0.690089871574178,0.748012392977097,0.612306865337235,0.519042704897674,0.538174600145736,0.508754308348415,0.503955017798382,0.458535434207532,0.513677349066147,0.508950926759952,0.522642717342527,0.487392659930279,0.488231380600784,0.598719223174293,0.519790663427753,0.41064224285267,0.400119901089412,0.435306337778397,0.413530627574579,0.462221208944771,0.428928695780955,0.432500358924232,0.463300026717539,0.470948150917472,0.46619500851309,0.409868586876459,0.482944264360346,0.457426831301109,0.407974685438054,0.411971147297564,0.416732029564641,0.410904827988235,0.437310535773217,0.439188186529107,0.424622019418855,0.435639761189968,0.487524597637964,0.522391941538524,0.472332801861706,0.463854548562571,0.420467927025409,0.37360370028633,0.298905005421067,0.284428410527879,0.291663497821168,0.407061275722023,0.417123057434193,0.373091170342081,0.337097100800292,0.166178436700578,0.189372541684837,0.337845990919293,0.52836602812947,0.508417106432085
"15",0.295443913493943,0.336429746463651,0.350123863394832,0.356843596082372,0.443301343000366,0.586994668817943,0.714967835508503,0.756942933737432,0.709620783460788,0.640773313393121,0.698391294423852,0.819473566629458,0.845882571083412,0.927477645243364,1,0.920609385249909,0.904181216172233,0.909444860722321,0.863789959448355,0.861998050171984,0.842094752519368,0.827876360082044,0.840193407176964,0.821385802995061,0.721819281478983,0.704783640005783,0.742820741314679,0.634899640041567,0.562206792827691,0.565247095167908,0.547904652030572,0.530067012044604,0.488832877861832,0.552279659621637,0.559525392654266,0.543319535397892,0.492428530489519,0.502653435137549,0.604626427756626,0.530356874084435,0.409358667804089,0.409025116446163,0.430843906845107,0.407598058950018,0.451259880481592,0.389902212446874,0.421993436596395,0.463787376144288,0.475368503291497,0.487049456815056,0.402596954531824,0.453853567206647,0.427399595905723,0.409483420914712,0.40086350759641,0.423558955687264,0.418434699384957,0.417884050910968,0.465606938161449,0.39847846273864,0.439665805643965,0.456647769751941,0.535197618624052,0.472019355870666,0.46959390263925,0.419256349289189,0.376882734889908,0.291236920260591,0.284606231774404,0.295176598983336,0.430782945902281,0.436786292773599,0.37964716393014,0.359663408519598,0.161846378881368,0.22709506141047,0.348474769885865,0.46719501394251,0.505625405992166
"16",0.249176595934564,0.307433533790842,0.311632026370452,0.328829201036439,0.400638231554336,0.530947545650983,0.651087199799428,0.668480381430572,0.628788927088844,0.55532945180969,0.609059710654249,0.730122583153663,0.768589849207913,0.866116331706402,0.920609385249909,1,0.911579866208073,0.892168041023977,0.87788132944397,0.846550362301076,0.803509341564173,0.806048424744848,0.803938546949418,0.783111071337919,0.697547712201327,0.664417620019417,0.686155096138345,0.590687081923396,0.522969293795058,0.534363796548105,0.527704108274204,0.497715319511803,0.447735072337694,0.501868362465372,0.524725231431626,0.490172701739151,0.445211321833597,0.44773859272438,0.530897525836374,0.459196881175285,0.363997569757388,0.362464929632193,0.38358785981725,0.359919328981783,0.419233185974146,0.355174940891162,0.384824214289618,0.404231436602713,0.429492110813532,0.453596324921556,0.380595246441216,0.42038153612335,0.37838790988324,0.39050541304598,0.36311930310296,0.386916218400927,0.381676532492379,0.351440076318482,0.438444102240708,0.358532214138886,0.405279733594295,0.40300670796731,0.492734227784963,0.440838343310678,0.46265308042803,0.370132726792005,0.337750860089494,0.250380508667243,0.25500754929787,0.260426241077444,0.40579131857187,0.388450323310554,0.343856888531269,0.317511772577803,0.142522442380662,0.236106600937534,0.334740589523125,0.425730413708888,0.45021465735652
"17",0.283472127698786,0.322978454308607,0.327501940533429,0.342247101381248,0.416993328522454,0.536132535136503,0.651744127418696,0.694952904691069,0.647683198886946,0.591043119937607,0.647097935046518,0.7541974261554,0.794287851896229,0.878883021369734,0.904181216172233,0.911579866208073,1,0.904207276893567,0.864879055046386,0.857073571118803,0.810865987029977,0.814206563284823,0.816764321184223,0.791738563647621,0.709737329003352,0.681276725701232,0.717459063581712,0.601697363478414,0.526160007675844,0.540181917905166,0.522185975543096,0.497445294291548,0.455032336114781,0.512500824894623,0.523251320364408,0.491100515969986,0.465462730992952,0.468643679982602,0.551846152352471,0.475684593149142,0.378476388749907,0.389880968067872,0.39633197599051,0.384723483984392,0.436574211918961,0.376261267149364,0.392970122508067,0.413838997818574,0.435402444858599,0.468187711177046,0.394992932748944,0.434984070768379,0.384787234154637,0.371427731913545,0.350884351190727,0.396505163577394,0.368423226333843,0.358471931035006,0.419579901884325,0.352415051070804,0.392093137026893,0.419844217514405,0.495306553984123,0.422356812574622,0.44469674733374,0.368931663051783,0.346908396210672,0.260698660427131,0.264597114747149,0.265161427832464,0.39489398078969,0.38505301201921,0.341202242154491,0.308453831096616,0.181262372645172,0.233320315648391,0.347258141829093,0.481021718165747,0.469199467486051
"18",0.298927183778478,0.334218617529491,0.345097200137237,0.362071820532886,0.435218890546641,0.539498638830507,0.657683123243314,0.723703776157921,0.685964480436262,0.628734530356707,0.676079553507529,0.787614983747235,0.818551989634505,0.892586890515132,0.909444860722321,0.892168041023977,0.904207276893566,1,0.901946398576229,0.882672352791308,0.856245462982702,0.836503430282207,0.849707126075589,0.795970471959405,0.709531069839308,0.66483008702558,0.715857416765573,0.585957571211071,0.499385821612202,0.520586281913368,0.503671795898048,0.478914082800414,0.432780590863225,0.493875306420689,0.496415729314218,0.496811120398298,0.461813702091371,0.468554007292958,0.564560114329269,0.492431558517751,0.402354387576607,0.397393265372494,0.421215718839608,0.396134851697345,0.452881349682452,0.391095168474349,0.413094303394638,0.44916241006188,0.450554928603372,0.461369889158795,0.386529882197046,0.446167222253817,0.412722093454905,0.389369211277867,0.376573749469917,0.39105778326152,0.386357615778552,0.376808431643587,0.438932073494121,0.377323229579902,0.416994307006294,0.441023834873003,0.50500263946484,0.455862103068011,0.458182015281256,0.402472542361737,0.362733160189782,0.283921989607863,0.269120583048522,0.287753733323198,0.407856476473211,0.41253740828993,0.359665682750252,0.333385660696107,0.157866164038558,0.182236499814282,0.314805527733701,0.464437786454559,0.469912057236491
"19",0.24922145579483,0.298970918343248,0.287424437549113,0.323412248201242,0.379466675062671,0.478843012747183,0.591504836693477,0.641329127872162,0.593298567933831,0.526359707619267,0.56327394437632,0.694483661810501,0.730847875129982,0.835765237792047,0.863789959448355,0.87788132944397,0.864879055046386,0.901946398576229,1,0.908123974383671,0.849573924392717,0.817506306772824,0.810985272489804,0.757738141566226,0.676371465706291,0.617005233398178,0.640296094755202,0.527367041735095,0.452728433214921,0.48515193580324,0.463583003057689,0.443463353477451,0.394611599415272,0.447894831399855,0.459891508525073,0.438211967874093,0.410210112628867,0.410030024989189,0.496570957054992,0.425232813461,0.340626405107346,0.338363472580928,0.363724027555344,0.343481615328807,0.392363769347351,0.322337277772015,0.347727455715399,0.378947350079919,0.38622912489732,0.404974730521787,0.32746093916602,0.382952495317564,0.352259036396388,0.353858090726435,0.326838787695084,0.347715318898589,0.345925750053003,0.316308978145071,0.399464527447348,0.324976598179389,0.374816849638685,0.386614932036943,0.452270905277867,0.419726322946226,0.430619991978928,0.349567089307847,0.333445468422875,0.250436857262846,0.245801508556607,0.262792774226815,0.387159357165221,0.363002732104905,0.323393850084251,0.301686691477309,0.173470645956952,0.190190759838058,0.285397901899577,0.409226039923221,0.432621453480068
"20",0.271282743771174,0.305780990281313,0.314198903121424,0.322049992868197,0.38839334568468,0.51780056305249,0.639356057906822,0.700635204294941,0.64837384667954,0.605388380064145,0.65629997844339,0.760652939766176,0.787412203621988,0.863718156791372,0.861998050171984,0.846550362301077,0.857073571118803,0.882672352791308,0.908123974383671,1,0.891853072261488,0.868608612157137,0.852265424720436,0.797431767055646,0.725081803667205,0.668910413314831,0.702705957516289,0.582730224554208,0.495618330839121,0.521688241727949,0.487855859067732,0.473057286927864,0.430191364834403,0.48475291315116,0.500856604885121,0.480256242157455,0.451068635283258,0.455771401180687,0.544026615167856,0.453115536669881,0.365729985298181,0.355848413559941,0.37546889557113,0.366382810445176,0.418227851212121,0.35751863835221,0.37019526488751,0.400707132399756,0.415935712808682,0.422427311760662,0.363899852458325,0.405727858476481,0.372699166030971,0.34875418638934,0.329431448310496,0.34557311920112,0.339482466349641,0.329981438051371,0.378191478535441,0.330353523632054,0.371373226529202,0.41131138311593,0.453530474494321,0.416576564454355,0.416200276624375,0.34439284065652,0.318353871603881,0.254252907230051,0.240967406366309,0.258688050138379,0.357519430496877,0.353482594539203,0.316285468124322,0.278363959502783,0.175386421888029,0.215439742566369,0.333025922206487,0.490381983996894,0.499023978014402
"21",0.272609364257187,0.301310975997392,0.304972584549177,0.338898898743046,0.397513219516355,0.523670053791757,0.68086549702204,0.74458690699334,0.701235420695285,0.662233782835129,0.691751675055207,0.829245538684051,0.829084818081073,0.862469197130805,0.842094752519368,0.803509341564173,0.810865987029977,0.856245462982702,0.849573924392717,0.891853072261488,1,0.912081657630655,0.892496849952865,0.837014782387391,0.764255124717865,0.688212429408569,0.739174884488875,0.624343470902673,0.533228541787079,0.581493137427473,0.539861304617563,0.538035814157887,0.477900562579054,0.53154807229394,0.526873686618996,0.561932054073781,0.520931105697593,0.516303472031022,0.618111363192898,0.518419443890628,0.408597229280681,0.379153284016028,0.417424930409309,0.401894570274319,0.460390101841655,0.397750950950495,0.404207764143169,0.434812440110208,0.435103750431996,0.454288722481826,0.379937804621717,0.420746289322331,0.406777018985302,0.382481315411672,0.374424151353915,0.391090131113374,0.379639400029992,0.389742681620957,0.414122463314261,0.362375466444054,0.411027516467155,0.442515151098593,0.472399714984409,0.435469265643307,0.433404526593797,0.370359989180366,0.337903338478355,0.261434793528609,0.25199094283051,0.276696667463224,0.368697351243787,0.378708392345099,0.331192839237527,0.297077270330016,0.145151528533107,0.216838540349096,0.348589036472209,0.57373497648636,0.562403251981975
"22",0.28923893476854,0.315524754179467,0.324134124327295,0.355690019311335,0.428882960943161,0.537543953343257,0.670553584907119,0.740993865525423,0.718760463595712,0.683535878457763,0.69500637899142,0.801975645298284,0.814689986715527,0.845918769863296,0.827876360082044,0.806048424744848,0.814206563284824,0.836503430282207,0.817506306772824,0.868608612157137,0.912081657630655,1,0.926612715263622,0.838768731315096,0.755489270478527,0.676419096496767,0.730108393127486,0.601188629500458,0.508702797122225,0.579315977064511,0.557195135643616,0.548520365546174,0.481510557758463,0.549059091399521,0.530144728999695,0.566886631885663,0.52455543571366,0.508915822189505,0.620808719921844,0.4991309340588,0.414484575941996,0.39319106706642,0.436444469863462,0.410317690734701,0.482310007611351,0.421465098774992,0.420765644901417,0.442596650544146,0.444159978003171,0.460302515859313,0.417739871980667,0.44186803236963,0.418605587009578,0.390805901619461,0.378920519831538,0.388473401544153,0.383245495894837,0.377455780751083,0.416869417774927,0.378429801528716,0.418878927980159,0.450296736082428,0.482368534166131,0.447754479613449,0.452903178299059,0.365296861019494,0.341231737819157,0.262955847356509,0.264497970559566,0.271331520156253,0.380790837737978,0.369578002210045,0.347145164048353,0.294038539966797,0.138948742925971,0.217089268634729,0.367940996951939,0.582958064692117,0.573535022666306
"23",0.316252302146012,0.330067352512327,0.334373698411717,0.361158485595567,0.433861472813077,0.552162722094376,0.69952670009349,0.806376016162268,0.768497165505103,0.742635071230955,0.755070207689694,0.842603719256788,0.840827661301139,0.85719577828265,0.840193407176964,0.803938546949418,0.816764321184223,0.849707126075589,0.810985272489804,0.852265424720436,0.892496849952865,0.926612715263622,1,0.869406407803502,0.79140193501999,0.711517437359438,0.756707908548267,0.623774640524092,0.52331775673038,0.571658262106711,0.552039926758023,0.540170932791503,0.475343226719067,0.546791518051573,0.537705241583891,0.551123574049572,0.517053598953056,0.507284891134293,0.619496065929753,0.514589753759882,0.401723701560073,0.373512900805465,0.413255405960061,0.401108415805769,0.481075820969186,0.409438721056965,0.415329929299384,0.455282379795743,0.440673564924246,0.455057804424436,0.412039225670573,0.456731958793231,0.424710880683441,0.391124946645931,0.375865752399783,0.390707323953485,0.382446586323139,0.362890575136812,0.433660614127333,0.380166464793681,0.412604436920603,0.44032506477296,0.484555079949777,0.454612685943364,0.454801056415468,0.375656832842165,0.340766814301924,0.256834959449055,0.264744352118088,0.278276819629929,0.392787586538167,0.38742865626833,0.35227887565959,0.317749847488508,0.137443650353361,0.190803262414711,0.350851715170381,0.59839954873891,0.573914418036008
"24",0.309115501924064,0.318139201157234,0.319715279106228,0.347858107107697,0.402516786954176,0.619471381797269,0.776544704917841,0.762708433377142,0.687431653079515,0.666854100034593,0.712967806656642,0.825784775983316,0.829308526904781,0.814799214382501,0.821385802995061,0.78311107133792,0.791738563647621,0.795970471959405,0.757738141566226,0.797431767055646,0.837014782387391,0.838768731315096,0.869406407803502,1,0.8819954371799,0.833646389262138,0.850621568298012,0.813718600351521,0.749805741222412,0.750788073557508,0.718528152362805,0.731640889047439,0.670127739741141,0.69181739399903,0.716511969786541,0.670707157945498,0.592519490002573,0.609923188819883,0.65840082187546,0.52035766501898,0.377089918066074,0.347935709287384,0.379676001536282,0.376171032365422,0.442395597542607,0.390405217475133,0.393295931341321,0.422686162777407,0.415516813969037,0.481958207384608,0.381991829601566,0.428063459945308,0.402280746979713,0.359103261519617,0.361843989496005,0.368572336105307,0.358395010961769,0.351250917709033,0.410416149580223,0.361560755656965,0.415478776506105,0.421504522253493,0.454996926826407,0.431501686908423,0.416727380822069,0.36081238174408,0.330132722645625,0.258760660536684,0.252001995553546,0.266875546620365,0.372963200038996,0.366201887558102,0.32045213445939,0.289874051789864,0.17880013692251,0.38536643825476,0.502349211437837,0.535668074444325,0.511300130330798
"25",0.293113343495598,0.299438702153715,0.297189682258532,0.340193833421885,0.375489614393157,0.563242223134378,0.711873284686997,0.711424700189293,0.63273079687442,0.623872900928082,0.652224811309939,0.768828666911919,0.767845560281382,0.731613763521171,0.721819281478983,0.697547712201327,0.709737329003352,0.709531069839308,0.676371465706291,0.725081803667205,0.764255124717865,0.755489270478527,0.79140193501999,0.8819954371799,1,0.790676173884106,0.796939209436789,0.762349661738086,0.687452490422522,0.67241025511419,0.620459830984401,0.641617605387304,0.601116125965803,0.6345656988201,0.655170781192721,0.609414456499384,0.543342820647909,0.571352867136101,0.622753701049818,0.477977350732872,0.364120272189399,0.316707616948027,0.356961615812941,0.329566577813211,0.40893685486594,0.376471562118563,0.350917698110351,0.389370943205093,0.380388449955232,0.451277100105462,0.361137258986487,0.406896920608572,0.374430974973872,0.315712915054509,0.329372599199321,0.338905685669454,0.31259640283418,0.297480706324459,0.357900047701935,0.321717218918126,0.357588487408721,0.386857642256567,0.41176530931859,0.377671825420863,0.388465131248662,0.320798039733876,0.295837080164075,0.238471066945482,0.221526276739991,0.244914135361602,0.32789661539668,0.3212666357134,0.282943083050106,0.258552551499636,0.160473672462371,0.366100228569266,0.471333092122996,0.544903035800967,0.519451256566201
"26",0.298547703311115,0.305944126778996,0.344841098806833,0.340166234497791,0.402973432448683,0.670765105019463,0.793457077391797,0.718396366654516,0.629418338544396,0.61457922558192,0.686733580967393,0.735908708834491,0.728187203210568,0.690089871574178,0.704783640005783,0.664417620019417,0.681276725701232,0.66483008702558,0.617005233398178,0.668910413314831,0.688212429408569,0.676419096496766,0.711517437359438,0.833646389262138,0.790676173884106,1,0.893091535063868,0.900200395036723,0.847306531884303,0.787307292808128,0.744062726368906,0.732607326476414,0.732683418104659,0.749271827339187,0.795961675118666,0.700855242047615,0.619059615814365,0.657055788515414,0.671031802236598,0.565367928985487,0.407643417394061,0.368666555533544,0.406288406659781,0.385362585732408,0.458394668515859,0.373847244732696,0.399798499226614,0.40543657191182,0.410870350723021,0.508808653307,0.394882014112466,0.438767914161696,0.404268572795659,0.348952090014369,0.380017043163199,0.377157670189566,0.351263141313962,0.332319855378921,0.392721403067384,0.342479195884851,0.43815627973953,0.423809737011582,0.464868928907813,0.395807899261067,0.405037356841047,0.359273209804546,0.338412229551437,0.286987512596548,0.261249321139948,0.265649097339338,0.347209195703594,0.352954142532817,0.319976630710654,0.27350008304396,0.235721230429838,0.499147835344147,0.566741554958486,0.489794833824555,0.462713678394171
"27",0.303956219565829,0.311483687854876,0.34786930612281,0.338648284878685,0.405753507757264,0.660815083466049,0.779046667756177,0.736634773482133,0.659221450861277,0.659235762787304,0.727523375329771,0.788975198467329,0.784670097227869,0.748012392977097,0.742820741314679,0.686155096138345,0.717459063581712,0.715857416765573,0.640296094755202,0.702705957516289,0.739174884488875,0.730108393127486,0.756707908548267,0.850621568298012,0.796939209436789,0.893091535063868,1,0.892103500561093,0.829448610966914,0.787705929473617,0.729030204502559,0.729791466644001,0.724366656865526,0.73392004282663,0.756362442029366,0.702681462616873,0.624666443378003,0.652083808334178,0.699405474529476,0.593970088402175,0.426210748523498,0.384451147086289,0.441833412670416,0.414410891691471,0.495927380334869,0.419461604357337,0.431324953598045,0.445654026085163,0.464433280297785,0.545363563842943,0.409087860437897,0.42858882150706,0.431379838238733,0.377359850200019,0.423024318949067,0.396935099880756,0.387205307157823,0.405570551234377,0.403018933618268,0.391744051532642,0.454686069561864,0.457789265791592,0.491904962275656,0.420313353727162,0.427134253225449,0.396118737393121,0.369900618927577,0.311350224521604,0.28275319106551,0.293778019901126,0.366837671704534,0.388313956307814,0.343596494430609,0.294628219923277,0.245020441085577,0.444161103464702,0.531755093320073,0.501094658154674,0.457665374633484
"28",0.256666740899931,0.25857468110274,0.299519879808591,0.297041333585596,0.342475767400819,0.644728566303787,0.754010382199587,0.608212812831198,0.520980806528323,0.524655806292404,0.603767618555829,0.675964429915548,0.664956773768139,0.612306865337235,0.634899640041567,0.590687081923396,0.601697363478414,0.585957571211071,0.527367041735095,0.582730224554208,0.624343470902673,0.601188629500458,0.623774640524092,0.813718600351521,0.762349661738086,0.900200395036723,0.892103500561093,1,0.944668168893724,0.860227076619506,0.799231045895625,0.801926731512405,0.814776687557512,0.796354634044224,0.84774436766546,0.753738118913534,0.64385684561811,0.69889846368293,0.675654350010061,0.550089622773256,0.385490573869699,0.336139948246954,0.383355643497555,0.374019364251028,0.437270872591417,0.345396054667943,0.364460390304013,0.364106617961838,0.383314077944886,0.504912502453993,0.347966823345038,0.352744251013563,0.348949685139223,0.307452270620639,0.347399439557279,0.322021298971958,0.312163293454923,0.321119820739329,0.346523973256313,0.320832886527434,0.385209353905321,0.37615246090685,0.411322747393359,0.341322553398888,0.344051738397971,0.322774281234471,0.303304353171122,0.251394875515793,0.237909453702605,0.247329547287433,0.302871236421354,0.323879229125456,0.282236492275259,0.256914238003721,0.258648965318906,0.561244717806483,0.603678166338321,0.414804225887706,0.387044285830356
