"","V1","V2","V3","V4","V5","V6","V7","V8","V9","V10","V11","V12","V13","V14","V15","V16","V17","V18","V19","V20","V21","V22","V23","V24","V25","V26","V27","V28","V29","V30","V31","V32","V33","V34","V35","V36","V37","V38","V39","V40","V41","V42","V43","V44","V45","V46","V47","V48","V49","V50","V51","V52","V53","V54","V55","V56","V57","V58","V59","V60","V61","V62","V63","V64","V65","V66","V67","V68","V69","V70","V71","V72","V73","V74","V75","V76","V77","V78","V79"
"1",1,0.744595128844521,0.554143773685532,0.528889010240341,0.515906570415546,0.491185796555363,0.520102738902209,0.414961118911438,0.404978241540346,0.424528526594573,0.446194344421488,0.444001296994744,0.437614843134141,0.437945547948575,0.358018784465942,0.380322067300805,0.461259120538164,0.381470018648719,0.423418879359287,0.471161655826551,0.424387225431808,0.42786154070391,0.423142552418417,0.463080251803284,0.373779417445769,0.290145064759694,0.313530789356122,0.300077955175466,0.284460453956472,0.307972134279074,0.360096778274258,0.368647301936742,0.338163392753544,0.319705712260012,0.308555864829393,0.318861354760255,0.260574048839675,0.281044270148017,0.322361689646282,0.33943266606136,0.26027542650605,0.405298758415363,0.375524085853728,0.320452602101494,0.36570411181373,0.318718704036556,0.354047127861222,0.328282303460032,0.315964704357887,0.320263183526242,0.32134033996771,0.295011527097202,0.392286898860498,0.382162975033399,0.436552779320454,0.405714931603329,0.402742402526883,0.28671019485237,0.334639777272038,0.44197487898944,0.412645842870346,0.405969788911414,0.416826446350978,0.351009730729817,0.300988619912671,0.274059990691076,0.288654890717953,0.258808549877273,0.289917676701396,0.210303249517876,0.232730927586722,0.254292360207021,0.205789265617451,0.138185039337969,0.0807515602579167,0.105473218046692,0.264667968205464,0.293216832404292,0.29476721958763
"2",0.744595128844521,1,0.825836743538854,0.793979027908635,0.749890916960571,0.651977104683844,0.661558463588503,0.585080497298172,0.5840270254749,0.593579063217977,0.600384291229721,0.608019969884245,0.585102045416005,0.586960372277651,0.487478880661373,0.523987960873858,0.587355048369423,0.491714590434561,0.508768165834774,0.58508901518716,0.548575099299738,0.517499817147793,0.512554985751363,0.555856391823197,0.410719704946678,0.368089275075954,0.356156302350633,0.346729348908179,0.322702516754648,0.376914187083926,0.453065654716021,0.441554278451885,0.379303619257388,0.354966954073217,0.422187199684448,0.365277614104415,0.308178672439173,0.326764228669064,0.363995619643558,0.37625118519,0.304212667528236,0.469419163298612,0.48248986076535,0.446022761564569,0.470382835793023,0.42359269434251,0.42993852583811,0.371459760868268,0.354215804035339,0.375325828798134,0.422709033669864,0.35041152251933,0.44896596237954,0.426640300708841,0.50184492268154,0.448347292419045,0.456316208706021,0.348956857182806,0.395008228051493,0.458986706401824,0.464953332999069,0.464075908183856,0.454935778409292,0.411209853668034,0.337863907609471,0.331565092105324,0.331256505536318,0.289420170756389,0.359687426284455,0.29692539730612,0.274254905712111,0.276257310568306,0.283983371466595,0.181706875737848,0.0932655206430012,0.0864598982427281,0.315022464508766,0.310625679578785,0.311994889769962
"3",0.554143773685532,0.825836743538854,1,0.839996438187124,0.795475962987094,0.657387894174404,0.64545984048402,0.596169595521765,0.594529832807185,0.58458257789619,0.602867054958603,0.609117963134563,0.574971469311258,0.600939870340891,0.527829699040139,0.553748449355923,0.623090149008925,0.501979636434233,0.524156852044425,0.595613428260022,0.53716999374887,0.487089696116038,0.489279906083441,0.50884802235826,0.395014903316439,0.366082495864457,0.344676606560433,0.3349613567813,0.313585189848218,0.362305359795248,0.423181741589222,0.408120305092768,0.37639370885992,0.337884759834304,0.433219073572521,0.332179965935118,0.289468459931612,0.300619093481093,0.320058257644352,0.316821882619739,0.278959232203369,0.42404720795465,0.432396916324106,0.418690306052636,0.432557469413717,0.375697090052622,0.391214017961783,0.33564878684035,0.317324461380117,0.343356243888676,0.411136179972743,0.313950768698595,0.389189767128889,0.376506387505383,0.439784761792704,0.399588174591564,0.423339332121778,0.328883846988808,0.392404866410445,0.424299789951095,0.442227049415766,0.433680400495157,0.411686440465992,0.399989111968958,0.315373510259171,0.320103189480032,0.314223091238603,0.272519488443974,0.338996841392477,0.284587241877894,0.263187519599941,0.262777954310461,0.271185020474977,0.157652492024875,0.0625216868670864,0.0571985487171129,0.313474508889145,0.284720816967995,0.282185350632415
"4",0.528889010240341,0.793979027908635,0.839996438187124,1,0.858236513024616,0.707379132149572,0.681926638858277,0.660336967159295,0.640035705551475,0.628935975081779,0.635378906832567,0.655934156421028,0.595506375934882,0.628428340141884,0.556935272129663,0.588956009224425,0.658065992322616,0.563818649220595,0.550457979927781,0.610721760752658,0.567143701041701,0.526043508544138,0.532976910105783,0.557857420267355,0.427618026760388,0.403640746938722,0.382938857269791,0.362622001242017,0.353544826093666,0.398136466056351,0.481433024067898,0.452529043341673,0.426381797453603,0.394052561100561,0.488940527662383,0.362594169657651,0.305719101743906,0.337229308028559,0.353595948667581,0.354849934005439,0.301029555134265,0.47179673416181,0.495380790492786,0.463317909822384,0.474338119154215,0.425077237742832,0.440703928864087,0.393725423581048,0.370500113195442,0.394768545630248,0.459565738256022,0.36222001285972,0.455184395150671,0.424480020609898,0.480196596412716,0.448073615847207,0.460100042671207,0.358325061332737,0.440302754961478,0.480553390115913,0.477237612586957,0.457459955984547,0.43739556022851,0.413852708412313,0.343348709306411,0.342872695948913,0.343115534127206,0.323961848401901,0.414895655490299,0.324175064993446,0.31068627727408,0.32409582836208,0.301777388840314,0.175270687679146,0.0735863228627705,0.0537333823583096,0.349862383750267,0.322069817999942,0.323129364590891
"5",0.515906570415546,0.749890916960571,0.795475962987094,0.858236513024616,1,0.797292424975822,0.7493470651793,0.707703334310057,0.678832166529066,0.65837529391956,0.684154213769401,0.68668665882419,0.610928658130885,0.640841765662195,0.570850546358503,0.614262594194874,0.6748729777046,0.624808729214024,0.564191246490624,0.624608584254409,0.573548260554978,0.566058314037464,0.559101815896212,0.572557002568104,0.472904733462377,0.452506748362782,0.439381516943686,0.419232106745663,0.417097598192747,0.459447109653901,0.529075031484009,0.498512311120364,0.465604422530695,0.442256954929073,0.534971377086497,0.412948219406524,0.334931087599555,0.39977255665527,0.396322883411136,0.380772037546501,0.308409924008895,0.528931821940174,0.541252986161394,0.516656219899105,0.502365087376556,0.474727148213365,0.503402037778441,0.435123154344551,0.417670696927469,0.464933658658222,0.50000707245639,0.399977837144587,0.5135767213378,0.467947252649086,0.534002003612064,0.519832956445675,0.516208816532407,0.405784786597171,0.506210572740476,0.537391768082282,0.529018276964961,0.515673505661792,0.512169650410668,0.472754027955479,0.370006258070337,0.377359760629304,0.376203314517105,0.346988746371518,0.446339164645115,0.365438350953108,0.337756036274236,0.339535380965279,0.302623913918835,0.193283681073687,0.104747823803676,0.0733276135331555,0.376829939118008,0.350487913778564,0.365283964464622
"6",0.491185796555363,0.651977104683844,0.657387894174404,0.707379132149572,0.797292424975822,1,0.840925320841091,0.712646964674388,0.687073063853057,0.665020750908964,0.660418451149818,0.682989951382633,0.588628235544241,0.625712550793439,0.546875240081228,0.591281910139721,0.625954788835028,0.581014303741721,0.55420510357632,0.571294989925874,0.523867145642965,0.545348663757903,0.547048784316596,0.559512314784951,0.447728026193327,0.459969256223635,0.427212620676406,0.41230378002278,0.412499822391272,0.458834563343598,0.537151305618855,0.495864711206593,0.479922472093519,0.463504970084302,0.506228112553695,0.423135776336989,0.330120155877148,0.397438819855433,0.401023794764046,0.383263135146359,0.335724487010261,0.553377751145486,0.550691220020842,0.537649381251783,0.522202188873737,0.46172909302772,0.52675894153237,0.49341163666682,0.486685472138091,0.533485970426825,0.529927184680451,0.464400087235944,0.565839695152842,0.538515998102339,0.595226132430017,0.58426318836577,0.607462782778252,0.498233809300997,0.53535695005441,0.578252789905848,0.593180652569521,0.579626459148871,0.606728913414112,0.539463660812175,0.488153639107121,0.48549698972368,0.463417299373092,0.426062094795659,0.526826977465146,0.432116812332919,0.381776672805945,0.358295660689926,0.348154629338272,0.222768030586618,0.150553048978575,0.116247167909344,0.449107280381349,0.421178869115456,0.425322877660011
"7",0.520102738902209,0.661558463588503,0.64545984048402,0.681926638858277,0.7493470651793,0.840925320841091,1,0.769545805097862,0.747219064263833,0.712925313482758,0.714038506246408,0.706582381909365,0.630142874881991,0.640077375879063,0.587100045108335,0.636404962470756,0.664719207225371,0.590288514500929,0.575086798444771,0.585767906908206,0.564021814004159,0.577906417700864,0.573278326716272,0.568366475965425,0.440836194319768,0.508082048510484,0.463262530244699,0.450597210674747,0.448545019803091,0.481062058098339,0.557458297479599,0.532245008168688,0.508182607023965,0.457671247848958,0.489930224641028,0.457674848903022,0.374258595653139,0.401666578977977,0.435553317373175,0.416914120846869,0.352319958773692,0.577215571377522,0.58188748952213,0.530448384067494,0.538222221478484,0.459499101930824,0.553888645798437,0.529365096087554,0.516393852225503,0.558004976410873,0.557984016344278,0.509498214151043,0.607391329704483,0.59017228865371,0.66102377324561,0.639384110398162,0.67984726100854,0.540735394593283,0.556540156692646,0.61458497959193,0.643871766296158,0.633794031149792,0.661830622346734,0.594333238427943,0.511195290151202,0.472784037490878,0.457183693650384,0.438518434277364,0.518864363055328,0.44217028856405,0.412122650081749,0.36412408349965,0.324584885992247,0.225451386709298,0.128543740724858,0.0951520549495442,0.446744648024286,0.45646530142028,0.471397676234178
"8",0.414961118911438,0.585080497298172,0.596169595521765,0.660336967159295,0.707703334310057,0.712646964674388,0.769545805097862,1,0.888545823768122,0.84727983228107,0.853556741545656,0.835408736043623,0.767061284298753,0.790416938597868,0.70992869900942,0.770780391258849,0.718566880523015,0.666903377763936,0.608792828343879,0.644733512507705,0.651367070324984,0.671425485993293,0.645524899494074,0.635840581124779,0.500622701522052,0.57613761033264,0.507449025460471,0.489071357349609,0.490524835874853,0.540896711463665,0.612227996518955,0.603846975531859,0.505787121482033,0.456791161871884,0.51115202457551,0.455613934883976,0.387967442744036,0.411171263382697,0.43733028212698,0.402950241655229,0.354301215704791,0.58028769895309,0.584493199209038,0.553860632483924,0.531442527093111,0.510840340858201,0.564115799580287,0.532628381754291,0.486967838609632,0.502575077243993,0.506527032473596,0.469477165674277,0.574291851328994,0.531292262544616,0.607339467156644,0.578061745093913,0.627339596942611,0.502120755014005,0.545039588320185,0.570278946538694,0.610568618679243,0.58563225823543,0.578184104001883,0.542589400361103,0.436872522289745,0.418511112222161,0.411268650002614,0.394841249259708,0.491361944627131,0.426425620065895,0.416463833139414,0.409577706370447,0.356068173974979,0.183964324637564,0.0719375286143942,0.0764978532598883,0.411240989399107,0.374029973183841,0.393340379734903
"9",0.404978241540346,0.5840270254749,0.594529832807185,0.640035705551475,0.678832166529066,0.687073063853057,0.747219064263833,0.888545823768122,1,0.902914783637138,0.885158432248146,0.85916431414193,0.789043397245115,0.797632767307285,0.74393153223275,0.786834379309671,0.741304896490334,0.67174965053619,0.630234636363205,0.659506679901252,0.664456505559259,0.694574215035743,0.681094114648384,0.664290503758939,0.511894951890374,0.61248611318145,0.559228560461379,0.525521151318257,0.523068142165747,0.571129039834628,0.642311946805297,0.654961906106338,0.52335391500995,0.454897243570829,0.499036439344002,0.477714435729084,0.432456982259056,0.437616478423172,0.475550864680124,0.42785854263401,0.368964497288202,0.579543895585806,0.5854936138186,0.544782900121172,0.556857225287089,0.468761722883511,0.542105067353866,0.481194555708283,0.44916868438235,0.473050946145091,0.470413930452098,0.432314473812248,0.544420439063194,0.521648252222983,0.599196505013144,0.555904914068471,0.599787693597793,0.505659240515318,0.548136352143877,0.56305968984749,0.617258176914947,0.583610863590761,0.565193023912552,0.552178930248562,0.439135923896177,0.41866016559482,0.414147281763651,0.387781128907878,0.488726799526855,0.43859401429027,0.427306934372543,0.410987911198536,0.369396760659473,0.175443923854479,0.0698823383940448,0.0766675773140558,0.40597044699383,0.371462785306686,0.412499829153872
"10",0.424528526594573,0.593579063217977,0.584582577896189,0.628935975081779,0.65837529391956,0.665020750908964,0.712925313482758,0.84727983228107,0.902914783637138,1,0.89869991878762,0.867982702602157,0.793008616439526,0.804648639115776,0.759204307655134,0.773154812605713,0.724040994363485,0.672397687342644,0.639373623036882,0.665414857151832,0.656359838830374,0.710447871085594,0.695582822666552,0.682056490686411,0.518783456401361,0.608728298419181,0.551084346031025,0.51612570330561,0.507326913670806,0.561319996914486,0.644405316578503,0.649676653098828,0.518588280704678,0.447349725876316,0.494159737944778,0.463672129072046,0.421927803580914,0.428299558346386,0.469107363783623,0.418978733010337,0.358789348938847,0.584517282046793,0.579992127010158,0.557498981515954,0.568000693091386,0.473207074122967,0.529221915250149,0.481232889899074,0.449780333052562,0.473946787476484,0.468400571686527,0.440907693429483,0.526793464474591,0.519109020700309,0.592735717395768,0.555551826316735,0.600760517489756,0.492919130237913,0.55424419232557,0.566076931533679,0.622459053044108,0.588679303131207,0.556027695413269,0.54356910630229,0.418277875082425,0.403139024456807,0.394940165043691,0.373605024100135,0.470931909640899,0.404162917966265,0.40906148677309,0.396045400667711,0.392549480856732,0.189745707469565,0.082442625519519,0.0902632344354709,0.413009847051836,0.375613469902693,0.396228303011036
"11",0.446194344421488,0.600384291229721,0.602867054958603,0.635378906832567,0.6841542137694,0.660418451149818,0.714038506246408,0.853556741545656,0.885158432248146,0.89869991878762,1,0.877358527835128,0.77934850149483,0.810280085954794,0.737122213080101,0.782495291006119,0.75271533275368,0.697402789532234,0.646395854794043,0.667334742382536,0.68137680594714,0.733230660497028,0.700217179553235,0.660052403498173,0.505512116694221,0.628708842571262,0.57705691304704,0.538783526814616,0.533806809681232,0.58309949931289,0.656196925594875,0.646495640324484,0.512325432270002,0.444683796464532,0.489202723004514,0.476456712595642,0.421680615088667,0.432836820376029,0.480844214742633,0.4202540226567,0.360010476460641,0.590977835403848,0.602824866849956,0.554237070489164,0.566254112769178,0.479100681491693,0.551068414387774,0.489287096523222,0.461563902365578,0.500034131843157,0.488788967316754,0.456958477690233,0.540631780540628,0.540668068023876,0.623557222027407,0.567027625400406,0.631490766201412,0.527422872545201,0.589203753776056,0.600932961818887,0.658945568371818,0.63075384600239,0.58016493589971,0.57002593613971,0.427464501033241,0.404135017393152,0.400238660044704,0.383182188047364,0.474928456716493,0.389675349531536,0.415778298315601,0.383065494759485,0.371327937087449,0.18006234432656,0.0781372368619165,0.0734727734955015,0.402804087907017,0.383961552983434,0.413368081815812
"12",0.444001296994744,0.608019969884245,0.609117963134563,0.655934156421028,0.68668665882419,0.682989951382633,0.706582381909365,0.835408736043623,0.85916431414193,0.867982702602157,0.877358527835128,1,0.847291006257843,0.840497163898839,0.759117668679841,0.803610148041435,0.775514495199057,0.720255848164161,0.685498502366518,0.725599862583004,0.705102887870495,0.760615681891717,0.735189115367263,0.705921915542929,0.55936221050722,0.646484034437339,0.580228278980496,0.531639121804043,0.558165399343771,0.612848453914283,0.680427951746259,0.67621658580151,0.551843956305764,0.50602930987372,0.552832082603961,0.500067505568137,0.451630748065412,0.461794206729536,0.504842591347314,0.457077430615708,0.394689812975659,0.61408320740085,0.639935078565376,0.58825213085004,0.595872977397268,0.501202258599273,0.570158387916244,0.484881597142455,0.459517163296658,0.50682067236258,0.494910890318313,0.458971436080467,0.545992275936107,0.523122817852628,0.600759470069362,0.564620606373066,0.609170149415342,0.51277214701238,0.603211575451852,0.611460477615731,0.647059044119311,0.608633770863837,0.561223855328849,0.541593654858133,0.448486534663754,0.426816955659707,0.424047619073934,0.405557265944935,0.509526714425815,0.426273791416048,0.428384284701986,0.446194478318493,0.399369770649583,0.188065714900099,0.0631414085641274,0.0726056805666353,0.431821563771635,0.403653720424151,0.426991401716516
"13",0.437614843134141,0.585102045416005,0.574971469311258,0.595506375934882,0.610928658130885,0.588628235544241,0.630142874881991,0.767061284298753,0.789043397245115,0.793008616439526,0.77934850149483,0.847291006257843,1,0.808540246550282,0.727805672179962,0.786303019439974,0.73831249050053,0.661611762305154,0.668085173393352,0.670183326839664,0.672031029780773,0.716716906848442,0.683207628210515,0.683398796595139,0.539802385229659,0.625760728453424,0.51638603666655,0.486825161688597,0.501296828925793,0.556507264291035,0.595775375806489,0.653890273352503,0.512195535300339,0.479826162342951,0.504898683802942,0.484177753241872,0.468971301729292,0.444939221209862,0.446774319752525,0.415419288421513,0.340262404854651,0.524869942022997,0.525975769661901,0.480602198430496,0.508464602314054,0.430751923259667,0.487309342367553,0.398550864484627,0.371480338723289,0.417196039756946,0.410729371427963,0.382579921064104,0.461126645215019,0.435129170073089,0.484482697095309,0.477462569531166,0.502767241591574,0.399928893583731,0.483701028345301,0.511062488354902,0.50738485926925,0.489797411205281,0.467141157310483,0.432017993688328,0.398585934078809,0.377685150032819,0.390193778647502,0.353473802217878,0.44217370038551,0.376114921953955,0.375367010458684,0.379436929066122,0.337084067171233,0.180549786298453,0.0651069045434122,0.0588070984409416,0.393160664875954,0.376855473488838,0.377990338045323
"14",0.437945547948575,0.586960372277651,0.600939870340891,0.628428340141884,0.640841765662195,0.625712550793439,0.640077375879063,0.790416938597868,0.797632767307285,0.804648639115776,0.810280085954794,0.840497163898839,0.808540246550282,1,0.782749850505512,0.811429726216762,0.741863551924428,0.685494533736925,0.67278400452362,0.716334360503409,0.683812159394357,0.71702847824264,0.712235389780297,0.671683028094751,0.519434371849378,0.580173376170289,0.523751210511785,0.49220888535042,0.49223303016856,0.557638610956228,0.603335882316755,0.617951320291183,0.476949779541496,0.446360473196642,0.498897661932425,0.471729652882729,0.435232227242517,0.42640447721782,0.440595568437364,0.424994353294736,0.356585185853431,0.535303804866805,0.539604643979435,0.499198521806227,0.539800320173739,0.456725490337326,0.498932057250465,0.418593418244838,0.391407375713454,0.426660671844736,0.431831614592699,0.395385948644644,0.470899195326736,0.450945448625043,0.50969200948086,0.474834348742069,0.511497196137719,0.429354690441763,0.493467259819878,0.519735151075357,0.528266681341274,0.511725988338439,0.482975626566408,0.481030852228619,0.403613447956245,0.383397406433552,0.38492582535141,0.36351618177359,0.443133925573134,0.366788762481702,0.365232966264187,0.409717377015413,0.346316875205153,0.194407557816177,0.0948353075351435,0.0745057582048801,0.397954442186767,0.343660628845667,0.355134493954765
"15",0.358018784465942,0.487478880661373,0.527829699040139,0.556935272129663,0.570850546358503,0.546875240081228,0.587100045108335,0.70992869900942,0.74393153223275,0.759204307655134,0.737122213080101,0.759117668679841,0.727805672179962,0.782749850505512,1,0.801887053468369,0.715958917304701,0.69025224446877,0.650118523300854,0.667732672139692,0.657593711939331,0.689052094693195,0.69520526738088,0.638287088587229,0.502091187271278,0.542343645810632,0.493087664745242,0.454711222476377,0.44832621307293,0.473982266126883,0.546423739813054,0.583156000403584,0.442861508174348,0.391056216277723,0.455663023983616,0.408104880876438,0.388266228810566,0.368048177114677,0.405532700736447,0.345446083989545,0.306179848872102,0.52356968826587,0.518543101149546,0.491963596614361,0.520048475913559,0.44554351843909,0.461210835970699,0.402326371287362,0.369915451560179,0.397145202111352,0.406997285625978,0.370994903931826,0.441081475468166,0.418959655971006,0.483913938693025,0.457077827677333,0.480700214160464,0.393808863209753,0.482109926087494,0.48489541178434,0.523527267393364,0.492159762615068,0.462006885700075,0.466621227216789,0.365705757625356,0.345104323635867,0.339640436322401,0.343958211357923,0.40529938579775,0.334037921330468,0.360870792289315,0.395684831551663,0.297525898633784,0.142664454149539,0.0627199761092108,0.0568721682641703,0.363604436547516,0.313048578765929,0.331296724846844
"16",0.380322067300805,0.523987960873858,0.553748449355923,0.588956009224425,0.614262594194874,0.591281910139721,0.636404962470756,0.770780391258849,0.786834379309671,0.773154812605713,0.782495291006119,0.803610148041434,0.786303019439974,0.811429726216762,0.801887053468369,1,0.824830913732989,0.75791996292058,0.664894216120629,0.70842808529132,0.726626138853816,0.758902714789457,0.747711491785683,0.665073373829904,0.538070079290511,0.641779948877424,0.547519333377571,0.525350647170244,0.500916400503953,0.55732294411325,0.582527773766183,0.633306468575613,0.491199144767641,0.452770905878903,0.495128029199124,0.473029263844771,0.420524815888957,0.405971430684771,0.449894142960782,0.412966055864404,0.341574420050533,0.552035945799521,0.548647252409971,0.503797790834402,0.542856751174647,0.439997269357683,0.485793355362245,0.406288377844093,0.369470308343296,0.401516226222171,0.410032385623891,0.375444922177435,0.459333346524298,0.427842528068714,0.502631809889237,0.45869507031622,0.516788683914575,0.427636908093854,0.505844278947826,0.507206059617518,0.531012962320422,0.509912047422202,0.486807726470995,0.471938178958078,0.389424270291199,0.367478463206866,0.349736712249765,0.343263540071268,0.425550058726036,0.37709639864949,0.374174073291573,0.38236787547932,0.324980199707239,0.193722936839073,0.0780434204524882,0.0759341304680246,0.37275158299537,0.323725248141719,0.358927230745862
"17",0.461259120538164,0.587355048369423,0.623090149008925,0.658065992322616,0.6748729777046,0.625954788835028,0.664719207225371,0.718566880523015,0.741304896490334,0.724040994363485,0.75271533275368,0.775514495199057,0.73831249050053,0.741863551924428,0.715958917304701,0.824830913732989,1,0.770423785165711,0.692825387945647,0.718734290846601,0.709118059889533,0.738418653037248,0.725874403758001,0.679262277506047,0.562189334519985,0.617816460681701,0.593061700321572,0.546583697342489,0.543007187005907,0.576539954313173,0.62375040930829,0.633290911634091,0.558417351020866,0.502874574152633,0.547403453490199,0.514211225543113,0.445234304972727,0.449754651395447,0.487452684696714,0.448616660252356,0.385250331737585,0.56525161174678,0.581007396565178,0.5123733909881,0.556920247191557,0.441639580495754,0.502234372648917,0.443788469104869,0.422049726000417,0.458782573322993,0.474051545431327,0.406096895589681,0.494307740743944,0.47194128233595,0.554820835797154,0.520168061054791,0.56071770048714,0.475074233505695,0.555808792911484,0.572676921008355,0.586436083995009,0.557529419697208,0.531480320917902,0.504756565720004,0.443483334460641,0.400852368567521,0.391321305493432,0.384284336725946,0.478397788535462,0.400671102421309,0.378477672959288,0.39742923002535,0.344399255764439,0.191520961672552,0.0681859461722514,0.072563291797722,0.405905813350745,0.37634339354392,0.392155198994535
"18",0.381470018648719,0.491714590434561,0.501979636434233,0.563818649220595,0.624808729214024,0.581014303741721,0.590288514500929,0.666903377763936,0.67174965053619,0.672397687342644,0.697402789532234,0.720255848164161,0.661611762305154,0.685494533736925,0.69025224446877,0.75791996292058,0.770423785165711,1,0.649826118582464,0.671838066277742,0.68106327617882,0.72080204384507,0.699674647052183,0.605851908911408,0.548821855155838,0.608301672865344,0.581754046743372,0.559851164458369,0.583895756709386,0.56185134840747,0.601780630299075,0.605370893700226,0.543641042135865,0.52898575948843,0.560569170783345,0.526934092051199,0.461917025190488,0.474821964848166,0.493433990797313,0.450577575681907,0.33375000298556,0.574834521585235,0.594051360310387,0.498951369404533,0.530941145393207,0.430511643241529,0.501559616333229,0.398444147451736,0.375874831351224,0.432644801972421,0.420246939713072,0.385443764927111,0.461084735474369,0.420718707405497,0.491482845538606,0.480072136221976,0.491096987623767,0.407824317019592,0.546477271250659,0.544611143117851,0.574120758381163,0.528576687327521,0.510788804113933,0.458487256144508,0.398340856668045,0.375260853814107,0.366749146478622,0.391309606044604,0.473306531793154,0.381885003771299,0.357231491144952,0.374863177096392,0.309335193419563,0.14940348076608,0.0603338478805854,0.0607097040555129,0.384555802606857,0.362059430065219,0.370322060107127
"19",0.423418879359287,0.508768165834774,0.524156852044425,0.550457979927781,0.564191246490624,0.55420510357632,0.575086798444771,0.608792828343879,0.630234636363205,0.639373623036882,0.646395854794043,0.685498502366518,0.668085173393352,0.672784004523619,0.650118523300854,0.664894216120629,0.692825387945647,0.649826118582464,1,0.758700487075979,0.680028044551726,0.700458512692115,0.739754058799767,0.666900522998223,0.513767903896164,0.515991987334827,0.480185709584402,0.470694227370115,0.424489305209142,0.488864218885572,0.546028745579579,0.591277822936322,0.458922145629431,0.441000281870402,0.509477492734849,0.471241832842586,0.417932946602265,0.452817578127724,0.460499779334802,0.443443970064541,0.386137152129453,0.540025694800043,0.530744490944727,0.491419337532336,0.545520372667567,0.406292833876473,0.504707541874929,0.385115668542632,0.362626139228947,0.404486765509014,0.403521604698118,0.357771725256678,0.442266209859804,0.443307209092853,0.480546758288194,0.494094580898671,0.497652409630434,0.408009477469702,0.475106192455133,0.51808614644371,0.516802456027828,0.524251890907955,0.515611438125486,0.485755578688507,0.451495916004159,0.423576647940123,0.428255118311018,0.442541159423224,0.462394677806558,0.369112481774927,0.356935440234034,0.378888822037849,0.348695919131282,0.18517603924962,0.0678111381193141,0.0754781272697643,0.371037274431001,0.345955745836726,0.353233580361285
"20",0.471161655826551,0.58508901518716,0.595613428260022,0.610721760752658,0.624608584254409,0.571294989925874,0.585767906908206,0.644733512507705,0.659506679901252,0.665414857151832,0.667334742382536,0.725599862583004,0.670183326839664,0.716334360503409,0.667732672139692,0.70842808529132,0.718734290846601,0.671838066277742,0.758700487075979,1,0.818463695396658,0.770736971176246,0.781511538534807,0.716939197701733,0.545849946643018,0.50915376361012,0.474557544338275,0.473239212139251,0.443231403385916,0.503767804588418,0.534463458154387,0.579045952282162,0.464618116817881,0.452625567791547,0.544485064313021,0.476121285823165,0.418378975235967,0.442305264026912,0.47424038424338,0.505380406857242,0.405706665295097,0.584537162672064,0.594118691444723,0.500562613305645,0.571371581899857,0.422960268571909,0.499349951530319,0.355993182552217,0.345734939548789,0.376149560767015,0.396523946927593,0.339336484054661,0.409942425143771,0.408286823196698,0.475218213339803,0.452348816946408,0.472158255073507,0.368805102706622,0.471302729948595,0.50246870417877,0.503257268081594,0.503532704758789,0.498758270206908,0.476865059665694,0.402611603130698,0.376218434172122,0.366669732684786,0.365258482795642,0.412226427193407,0.366889573636539,0.326318215890466,0.353026559108461,0.339977297895745,0.19342331171062,0.0872917748290137,0.054439753269609,0.352322194004177,0.310803111281489,0.33634655223892
"21",0.424387225431808,0.548575099299738,0.53716999374887,0.567143701041701,0.573548260554978,0.523867145642965,0.564021814004159,0.651367070324984,0.664456505559259,0.656359838830374,0.68137680594714,0.705102887870495,0.672031029780773,0.683812159394357,0.657593711939331,0.726626138853816,0.709118059889533,0.68106327617882,0.680028044551726,0.818463695396658,1,0.803023984042666,0.787093492942176,0.703355056667198,0.548047677127652,0.551909322272845,0.487395441165765,0.495331225461921,0.458846764698402,0.522978212529994,0.558530594250045,0.581950360213946,0.445390875712194,0.434101386714093,0.496821870800498,0.480702370378779,0.426897044946736,0.452374674958936,0.499058282386126,0.517534742678938,0.377098324505238,0.597368342063566,0.642125214071012,0.487830019845197,0.575931533866878,0.430862949146833,0.506631763687031,0.355408648191694,0.326145560173526,0.362583144847415,0.378115493901044,0.369177026197842,0.404208790168839,0.40839683551368,0.466435749223027,0.443168388109179,0.456936988942511,0.352827854711911,0.455287175549049,0.476867933606713,0.458423375004592,0.459105147396133,0.458693803154599,0.443552111264165,0.387777617929696,0.366745952551188,0.361597092090438,0.357818651472249,0.416673694327753,0.354258608060935,0.349069095671573,0.36466182055697,0.318100382258565,0.167999847099382,0.0956896480276232,0.0836945425802619,0.342745123117311,0.333941156555244,0.353724512541384
"22",0.42786154070391,0.517499817147793,0.487089696116038,0.526043508544138,0.566058314037464,0.545348663757903,0.577906417700864,0.671425485993293,0.694574215035743,0.710447871085594,0.733230660497028,0.760615681891717,0.716716906848442,0.71702847824264,0.689052094693195,0.758902714789457,0.738418653037248,0.72080204384507,0.700458512692115,0.770736971176246,0.803023984042666,1,0.803126874765448,0.713311694109131,0.578133811347723,0.61194884780504,0.544366504572147,0.522047616959793,0.513880438677817,0.578146741380181,0.602518292427289,0.660168241081159,0.47497994621314,0.45111023830525,0.507756303498707,0.504607025208213,0.449498875042184,0.461973101385243,0.498794462239625,0.499286600766544,0.356836222709035,0.582885735333173,0.614823943119936,0.524388663084586,0.579222519354242,0.46088325320454,0.557049443413392,0.407752949871876,0.386148319512177,0.435251730676532,0.435671548581787,0.394742840355087,0.467161310585138,0.464374927372784,0.528515095962611,0.508382954113097,0.516494571181297,0.417481996293235,0.518990127069658,0.526004760641801,0.524211923781622,0.521269978311171,0.51524689401903,0.492790231593102,0.435513394809965,0.39493641091928,0.392346018150516,0.400700507404163,0.444249409073901,0.397868470631889,0.373131371584494,0.404966941239472,0.334893787013294,0.170021428312175,0.095146916583386,0.0775717277113059,0.366384520382464,0.383907652644987,0.399691537181763
"23",0.423142552418417,0.512554985751363,0.489279906083441,0.532976910105783,0.559101815896212,0.547048784316596,0.573278326716272,0.645524899494074,0.681094114648384,0.695582822666552,0.700217179553235,0.735189115367263,0.683207628210515,0.712235389780297,0.69520526738088,0.747711491785683,0.725874403758001,0.699674647052183,0.739754058799767,0.781511538534807,0.787093492942176,0.803126874765448,1,0.772484522878897,0.592729032841101,0.599613373810679,0.575907319289794,0.576620517337605,0.514850362084044,0.585146807494439,0.613833442037437,0.655411422227222,0.50343396999702,0.487547792349426,0.519365383239534,0.537103764106198,0.472475280656153,0.49729025517402,0.54799472959564,0.525726677791649,0.371244348865187,0.595598770657372,0.624997094866568,0.537377827215517,0.617159901271442,0.457935128149766,0.559558886408259,0.398936171574118,0.375514240709068,0.426874382826114,0.426089619509027,0.385610754123707,0.442675445302747,0.434086530045133,0.505834365086679,0.487513876533274,0.493158050997553,0.400253695221569,0.509738877121449,0.536883743753707,0.521886310189929,0.516708077110874,0.516017262694152,0.499390081583923,0.438314430477993,0.408689459686379,0.403211570919027,0.409509748341934,0.461545215428778,0.40835377551111,0.400263543560872,0.424267680352216,0.375603548988518,0.185164205063558,0.0862307107231668,0.0767210853820445,0.393092885224269,0.364801389493812,0.385789502849814
"24",0.463080251803284,0.555856391823197,0.508848022358261,0.557857420267355,0.572557002568104,0.559512314784951,0.568366475965425,0.635840581124779,0.664290503758939,0.682056490686411,0.660052403498173,0.705921915542929,0.683398796595139,0.671683028094751,0.638287088587229,0.665073373829904,0.679262277506047,0.605851908911408,0.666900522998223,0.716939197701733,0.703355056667198,0.713311694109131,0.772484522878897,1,0.625126449403063,0.528521075500246,0.484899936958524,0.472153473365568,0.460248124413838,0.540502027935252,0.587021642804046,0.644064749057282,0.491136452571144,0.481081467721387,0.516219110003443,0.49109224153708,0.434786656732602,0.461805934990531,0.476614991496223,0.477386069099884,0.386117942029266,0.553546101767692,0.589115562434709,0.470927467301458,0.54072148129555,0.446412958863881,0.519607774468782,0.373951907570537,0.35153837110398,0.378997035312342,0.388015252667706,0.338826547980588,0.419018022385907,0.411878339442984,0.461720605810357,0.450437411525526,0.45424376600523,0.355504133253035,0.461066257113714,0.485953462652687,0.454338358371062,0.447665223984129,0.468353960507336,0.440375379189638,0.421837891452052,0.381630294380348,0.393998066911193,0.369954904533671,0.422179431538946,0.380347009852122,0.375977223033488,0.42262744528992,0.351654071380806,0.192974956966625,0.0897212941384793,0.0700281726352046,0.372378487212093,0.329183451536406,0.361051643513141
"25",0.373779417445769,0.410719704946678,0.395014903316439,0.427618026760388,0.472904733462377,0.447728026193327,0.440836194319768,0.500622701522052,0.511894951890374,0.518783456401361,0.505512116694221,0.55936221050722,0.539802385229659,0.519434371849377,0.502091187271278,0.538070079290511,0.562189334519985,0.548821855155838,0.513767903896164,0.545849946643018,0.548047677127651,0.578133811347723,0.592729032841101,0.625126449403063,1,0.486068196998153,0.456421285140242,0.43224906312776,0.417579997677575,0.491130957306071,0.499416811129675,0.530582110597574,0.432324833782148,0.436853204179573,0.43817442788442,0.453493963193472,0.3877132566574,0.398696843964304,0.452142904751106,0.39933891615207,0.255626131214207,0.464829680028331,0.456473625767555,0.396260066865148,0.418705874727,0.355172421276017,0.386242429423471,0.298786210750103,0.277831772433881,0.310090748231695,0.287167835569235,0.287223391315444,0.348576711363394,0.334054648340493,0.375734467833942,0.367409456316272,0.371694221431907,0.289777690626443,0.396299540539045,0.410180862683687,0.398428696467346,0.365291335772996,0.374914266126943,0.340729138279487,0.306128920032387,0.293303313890014,0.294723508187611,0.288401302110691,0.326937863909236,0.276066046043958,0.268684812643215,0.327787213326332,0.283375942546505,0.149621114945077,0.0684653196881458,0.0803738036950687,0.30788110026386,0.273849218456142,0.299571490588338
"26",0.290145064759694,0.368089275075954,0.366082495864457,0.403640746938722,0.452506748362782,0.459969256223635,0.508082048510484,0.57613761033264,0.61248611318145,0.608728298419181,0.628708842571262,0.646484034437339,0.625760728453424,0.580173376170288,0.542343645810632,0.641779948877424,0.617816460681701,0.608301672865344,0.515991987334827,0.50915376361012,0.551909322272845,0.61194884780504,0.599613373810679,0.528521075500246,0.486068196998153,1,0.811955817430705,0.705505700453285,0.626455073214149,0.696649814661424,0.655268143817504,0.71369340267126,0.583800963827438,0.565678620332076,0.472585981484117,0.639147465363357,0.553482238389817,0.626846451920635,0.626180029890323,0.546361613239087,0.309340413373201,0.490030439098217,0.523674078268663,0.445238422664663,0.44957131165125,0.361616272684333,0.438630056842657,0.368227398691498,0.356751131873676,0.407316301090461,0.404758306115744,0.390975899370555,0.428229595343242,0.437350252179132,0.474454290598188,0.448488130796602,0.440008462289748,0.400686493223779,0.503027152669162,0.455729324015444,0.489983950390398,0.461266284686459,0.436696734362113,0.391324106561182,0.337563463705238,0.328818620389959,0.311936457584247,0.310256552504911,0.398104014785034,0.328454635912316,0.379367246263137,0.345833425268537,0.320874327859241,0.176876104454068,0.0810315382396184,0.0814801009423145,0.363494914377792,0.397857775174351,0.402366324569329
"27",0.313530789356122,0.356156302350633,0.344676606560433,0.382938857269791,0.439381516943686,0.427212620676406,0.463262530244699,0.507449025460471,0.559228560461379,0.551084346031025,0.57705691304704,0.580228278980496,0.51638603666655,0.523751210511785,0.493087664745242,0.547519333377571,0.593061700321572,0.581754046743372,0.480185709584402,0.474557544338275,0.487395441165765,0.544366504572147,0.575907319289794,0.484899936958524,0.456421285140242,0.811955817430705,1,0.803991369075472,0.684068109269302,0.696728188309356,0.671119902545276,0.695431670467049,0.635593826301961,0.610297359084415,0.494937639743303,0.673428694472364,0.594245035283672,0.672096968766609,0.685220175053497,0.569682824852099,0.286639954116335,0.482177782009595,0.520389418739417,0.423034769546875,0.440776305407224,0.341855179321113,0.385913270057206,0.34231750689229,0.318894547877584,0.362308859689798,0.336858652367697,0.339534820147017,0.393641363247911,0.385302782715989,0.44543802754403,0.415634256138241,0.417594675557588,0.35046608522511,0.457128058139177,0.448088928969999,0.484584289402091,0.435428629074107,0.4052477673902,0.369282075257712,0.283863968406095,0.285343525733372,0.274357946560319,0.286429232369799,0.357830657161917,0.26369230495378,0.316689694341824,0.316087453601299,0.287644327859486,0.148008560105727,0.0885354276720108,0.0747445984881789,0.308892648743924,0.3452939734838,0.33676579135341
"28",0.300077955175466,0.346729348908179,0.3349613567813,0.362622001242017,0.419232106745663,0.41230378002278,0.450597210674747,0.489071357349609,0.525521151318257,0.51612570330561,0.538783526814616,0.531639121804043,0.486825161688597,0.49220888535042,0.454711222476377,0.525350647170244,0.546583697342489,0.559851164458369,0.470694227370115,0.473239212139251,0.495331225461921,0.522047616959793,0.576620517337605,0.472153473365568,0.43224906312776,0.705505700453285,0.803991369075472,1,0.759898241804015,0.687805262272581,0.651534290082446,0.696107759944456,0.637202685940841,0.642762843949329,0.544699159946588,0.775657846529544,0.665037244540956,0.705091795770699,0.747297433450685,0.629892260192857,0.301342978929977,0.443342173273997,0.480750508080363,0.411657979103183,0.443013901695837,0.339847726121392,0.381286378066353,0.296739255813017,0.267979472210752,0.300027229975037,0.285512588098533,0.292553885087481,0.33501431096616,0.342790139163662,0.39903081668581,0.364372035860015,0.381877055481286,0.326495171959176,0.413765235423033,0.404536621882176,0.433761160055547,0.412633489711252,0.379081238203026,0.362325797366746,0.281248273066694,0.287181160582573,0.271936297955963,0.28502516919049,0.337781191205659,0.270850541555638,0.305557914840014,0.277495166044438,0.271024653907741,0.164780687393285,0.0871070748215698,0.0686487299347916,0.290914433202065,0.292403115941013,0.307749643434306
