"","V1","V2","V3","V4","V5","V6","V7","V8","V9","V10","V11","V12","V13","V14","V15","V16","V17","V18","V19","V20","V21","V22","V23","V24","V25","V26","V27","V28","V29","V30","V31","V32","V33","V34","V35","V36","V37","V38","V39","V40","V41","V42","V43","V44","V45","V46","V47","V48","V49","V50","V51","V52","V53","V54","V55","V56","V57","V58","V59","V60","V61","V62","V63","V64","V65","V66","V67","V68","V69","V70","V71","V72","V73","V74","V75","V76","V77","V78","V79"
"1",1,0.899148652715874,0.875307931081499,0.861289120276354,0.8664033279552,0.874853481594493,0.834976030610121,0.78800824453992,0.774906971134497,0.713597044549578,0.709819158330459,0.653261562988559,0.670974336514367,0.679132047550081,0.675049189213408,0.693925852735477,0.695815528953193,0.661070932191874,0.667670889682307,0.630621636458541,0.65786351244792,0.646667377946791,0.639882686050107,0.655442165345202,0.596718691113806,0.600272014134454,0.676858524130619,0.664178411771381,0.683036782298733,0.655648649416136,0.642545158240536,0.596150716099727,0.615078395970674,0.625737051162655,0.65477046321376,0.622422208393543,0.657029977401724,0.61787700065619,0.622213397293461,0.621551358109779,0.591727106409989,0.608686669538002,0.60578040077331,0.613928672931359,0.524091614435254,0.574474467511892,0.576258608176284,0.556203798526753,0.53500974570002,0.563935423558527,0.544629384165833,0.546776951545636,0.548224741184373,0.466186581055768,0.513646340490552,0.502418022870769,0.44172936787197,0.317745644073201,0.401382836914599,0.384007807064429,0.508635049306691,0.430907614825642,0.490891173953011,0.418194819746135,0.416275100270396,0.408722022303351,0.453792088751055,0.47429584990353,0.505001485401669,0.409444781981662,0.254397481342551,0.179870673228081,0.261701116874046,0.183607403421088,0.135863824971999,0.249886410849872,0.211748027303467,0.261315797762828,0.424748557319387
"2",0.899148652715874,1,0.956643585578841,0.918373200492979,0.91014801033094,0.88864106457969,0.811387342083298,0.77756633664114,0.764979681849179,0.709641636639069,0.710270452996849,0.660080353179362,0.671182816723735,0.687167219704465,0.681086252800663,0.704997266900389,0.696999967410061,0.676581023488062,0.683758731481413,0.651137584588294,0.653824559081215,0.656912853297624,0.643370583775997,0.661818612857677,0.598665387095196,0.621608101517263,0.670555308736468,0.667916103253968,0.696690122690048,0.666717710663088,0.651321042983509,0.619742467366594,0.649327686597172,0.665837745091906,0.690699949857541,0.65362228494346,0.71343330012153,0.646831698231276,0.651807823033805,0.643996913317073,0.601187207050755,0.638866684333217,0.636367045893176,0.643439532699665,0.557505026657326,0.604012446464088,0.592485482889735,0.597801682001493,0.57104387295143,0.608265783612839,0.593692648672347,0.595855486064421,0.612416907316373,0.522522293347012,0.55541664095499,0.549195569688864,0.500263939519686,0.355897882254479,0.443063682349178,0.422811409607192,0.547704544741514,0.486409415890935,0.523544570816221,0.460830657350297,0.468689339130774,0.450638697445696,0.511352955711893,0.523003456000024,0.546257543060999,0.42851830333393,0.276257222412669,0.202233385206426,0.300996010152965,0.207830820274663,0.139024387465015,0.280981361442828,0.220454544850426,0.280967768740988,0.446361975286865
"3",0.875307931081499,0.956643585578841,1,0.977473903328256,0.947861409196579,0.904615460980426,0.864312783891033,0.828263006955363,0.821217988750021,0.777379069596265,0.777479026934052,0.739126503369324,0.7390396418051,0.74287298435409,0.748528222080286,0.752777064002144,0.749572927222008,0.745616123690179,0.745211787286513,0.725579282554337,0.717891261507463,0.724637090057341,0.717659501116877,0.718281972136418,0.660984730819748,0.686547284828845,0.730071721553408,0.719522330860562,0.751098411841222,0.731340986180683,0.717332854860256,0.691618590468996,0.714382913545267,0.728365657677142,0.737332709485458,0.711225551218236,0.760048191113997,0.703541280155671,0.714713087183451,0.705789132111408,0.651584080805074,0.69140674780684,0.694921481749775,0.700300366179433,0.634543803511042,0.664779113470578,0.654154378800378,0.662790630935397,0.64291020280107,0.667324533007364,0.663826407496414,0.664745835843177,0.679006556900662,0.602289613393332,0.616793662913695,0.609722263332549,0.558714611040557,0.424754685193241,0.524195058609006,0.475670143531644,0.620620238666845,0.56527076928106,0.580206802932502,0.514558920990329,0.527056506225505,0.530815555315691,0.583245114921901,0.573628800556189,0.612976365644603,0.495983307461142,0.316044724428029,0.234725223170532,0.331576395114222,0.242011490697139,0.188449561509398,0.306411954184311,0.248357893475374,0.323512206889948,0.481775141641025
"4",0.861289120276354,0.918373200492979,0.977473903328256,1,0.959245460931811,0.89901613929285,0.868996051566575,0.821251587260852,0.812346840303627,0.7734730271612,0.769068010316111,0.740202868003889,0.725548822721975,0.730093813933513,0.744804597281926,0.72836234188829,0.736713006442539,0.741444651617571,0.735188313310367,0.720693920891322,0.703521258799263,0.706371032048812,0.710847164152206,0.698632391993873,0.651887761570135,0.677303312555868,0.716376373399567,0.700685097491678,0.731066137604318,0.721039250219671,0.703370511609289,0.682835403857529,0.701595870136587,0.710908302400992,0.71343693650891,0.690414407868211,0.726098320311626,0.68061344007947,0.688561353622917,0.682092598769995,0.621813685462441,0.664048058581373,0.673097828434077,0.675159881435307,0.61867694921698,0.643456122007494,0.632839260993025,0.640679749039139,0.63071436258069,0.65080456876987,0.651196451909302,0.654347910024248,0.665124558449033,0.596068428855305,0.609346985464631,0.591008144367796,0.54750778709159,0.416723815477636,0.519451216717881,0.458250296361384,0.601752536344737,0.558424010873055,0.55235987285753,0.485399677598593,0.507780804543313,0.519801664360234,0.570574523591875,0.550570282503371,0.598027270833597,0.481296179338468,0.294154454098283,0.217156353937437,0.306616274426115,0.215700184830341,0.175577264015634,0.287013986284142,0.235502667893162,0.319109392479861,0.457412761079011
"5",0.8664033279552,0.91014801033094,0.947861409196579,0.959245460931811,1,0.953788646764413,0.909816027719251,0.865972170155727,0.842595552617068,0.804137483964156,0.804860547098944,0.763046118601715,0.758117834816477,0.772866162297894,0.767538194776627,0.763487429193391,0.765400250917173,0.768068353578923,0.766755380358963,0.749019732137843,0.737312449848932,0.747350155840202,0.742253395828056,0.738575016455003,0.681997776914572,0.713440219805968,0.759329415245731,0.742019957124224,0.766868307794782,0.749131014356109,0.738872830966398,0.70617155174934,0.726622776217357,0.741630535433668,0.744073691102548,0.72534092589328,0.749546389498339,0.720939113977742,0.728428182336886,0.723728063468667,0.663222228729832,0.694578172449368,0.705555212088036,0.712159105218457,0.636816319360961,0.674597161992406,0.672442407343863,0.669739626557225,0.646471584905943,0.668129223016659,0.667241514849551,0.669591585096682,0.67900021639293,0.593800900454393,0.626539282026505,0.606487421718225,0.551542181487933,0.402246999045587,0.514240307212347,0.457559950281485,0.620344287005745,0.55437321754642,0.582667784225726,0.502508787013379,0.519648177286394,0.525954555248656,0.576632695964745,0.560366021949698,0.620925380762377,0.497183622399046,0.292047761780982,0.213713978207275,0.313903584152825,0.218106189900412,0.188647180763505,0.300742849452017,0.230894054858889,0.321372652835719,0.48320750075088
"6",0.874853481594493,0.88864106457969,0.904615460980426,0.89901613929285,0.953788646764413,1,0.908696130812338,0.871861555743391,0.846038888698148,0.802066897260576,0.815021413534956,0.755059625554376,0.765722526627321,0.788299553671807,0.771231861323044,0.777318058979963,0.782100793106866,0.76412909131881,0.776951381252481,0.749283685362433,0.744676978062684,0.754030515766121,0.743986258999324,0.760298255947988,0.690472741426451,0.715964276609487,0.781155398881632,0.772688069866634,0.796940310186499,0.764898645176514,0.758711579445168,0.71329870889034,0.741541190820422,0.758668558387117,0.776378422886065,0.75158049294648,0.771043451180493,0.752339946394716,0.750667695357482,0.752458934032164,0.707585332767182,0.727908324167041,0.728256367439321,0.745710428899902,0.634043389835856,0.690992649587063,0.688843347577534,0.668902329432605,0.63449261779895,0.673886443685653,0.663035818327997,0.655823899136426,0.671872852436408,0.563269071779807,0.636064484527038,0.603847037482119,0.546789483056376,0.378973492700006,0.490626594571227,0.456553687538738,0.613675512692261,0.524943919967615,0.595882322133923,0.49799970205686,0.509065931741445,0.504924633683441,0.556787995780141,0.563589926558896,0.607685258113636,0.485097686136247,0.283098054940381,0.20206648092561,0.315194176455763,0.218646543142001,0.173500181298249,0.312723478858003,0.246896494486544,0.324413945305438,0.51467189479236
"7",0.834976030610121,0.811387342083298,0.864312783891033,0.868996051566575,0.909816027719251,0.908696130812338,1,0.940178373343031,0.920720664202864,0.878725368185212,0.886871579798054,0.830274242570213,0.825169603079322,0.85030545313308,0.843417270240554,0.839498657492107,0.834540446812001,0.813517982147502,0.806861269456057,0.782633724670234,0.801112823114077,0.820276729379872,0.811370402280995,0.799308991354234,0.735011540390274,0.753912810567973,0.817230873910844,0.806321674830913,0.820306315737476,0.801642990384727,0.790116004593898,0.758536143335079,0.763408549637179,0.778986261371998,0.785644492282635,0.771863091372618,0.773670713890282,0.785269024835191,0.792240116762035,0.787705577508002,0.756414568817929,0.759892070853153,0.763140385150604,0.759928846916131,0.701326488888476,0.732882887780906,0.733735070360543,0.719363294326925,0.698122403932447,0.714974424916226,0.708404547994792,0.696863999439853,0.700754314751558,0.620445720162333,0.666696832760147,0.657770611824388,0.595275661648766,0.470695851748353,0.56266269532251,0.535872713360933,0.682714634417769,0.604246023763681,0.665062596281592,0.568527793719817,0.568019695612688,0.59435357543029,0.609287472986836,0.599283964947008,0.672836307914482,0.561629496353504,0.36904932539028,0.276746011161006,0.390896891310212,0.32133442279849,0.281668934768002,0.346997234657177,0.309762592344977,0.384484728326507,0.554158581479678
"8",0.78800824453992,0.77756633664114,0.828263006955363,0.821251587260852,0.865972170155727,0.871861555743391,0.940178373343031,1,0.954937477691348,0.906753895136104,0.913845900508081,0.869138389949653,0.857516335161082,0.881175511922441,0.873032095996583,0.869836800308285,0.859435231765974,0.849316640080838,0.840455013029643,0.819396510109907,0.831470098055789,0.855502937172249,0.853668047300835,0.847808018698575,0.782116968405806,0.802082303238557,0.85922003961227,0.855588305165134,0.863640529805422,0.83619653826589,0.8289873696048,0.80302611785478,0.808226925107837,0.818474154017023,0.828253848010724,0.80288847368174,0.805853151621545,0.830157863224267,0.829536061195548,0.829206404622482,0.79990305869413,0.794583127502617,0.804377313179076,0.801059730724226,0.748386963350547,0.775077002788898,0.769864095917546,0.752989547458123,0.733245045332592,0.752488124901821,0.749585630512889,0.736676398189356,0.740266849048369,0.646475404371046,0.705532073487941,0.684929697506359,0.628377573340679,0.496649072271524,0.59358519932727,0.577628888621859,0.717787902088992,0.642367129481627,0.711029261340059,0.611945971094918,0.622666997029763,0.640490644619766,0.642243815693696,0.636680148269056,0.708047133294415,0.588139971538656,0.417447487901258,0.306351899438763,0.444483423261797,0.375561342549219,0.33622523736982,0.391239166492686,0.363633951828969,0.418238667314015,0.59994023193374
"9",0.774906971134498,0.76497968184918,0.821217988750021,0.812346840303627,0.842595552617068,0.846038888698148,0.920720664202864,0.954937477691348,1,0.956421870002673,0.94840927437212,0.917220864084535,0.899795441881088,0.907209995710585,0.913484814319141,0.908237458559025,0.901850587629944,0.892064945548589,0.881816597343817,0.853634749859594,0.86207268844562,0.888927556345815,0.885029609030161,0.883331069165299,0.813743034536384,0.834072659390741,0.882982264652736,0.872464221661681,0.885931278439208,0.864918832075061,0.862371423064746,0.835208336214894,0.834120369549928,0.842442027255534,0.853744276376367,0.818926440461647,0.832130995764054,0.845683084700688,0.847887717748355,0.845590835365611,0.811632694612531,0.814231839957063,0.824467171891058,0.808158342367207,0.772535855069406,0.794415279835908,0.785799520393969,0.777219197650058,0.763404014097057,0.781278846470646,0.775365299976072,0.762925686829948,0.761992011063904,0.678881442984681,0.722396333791031,0.707231033751678,0.654444835041075,0.544537948532801,0.633807324747807,0.618851375804966,0.753315730502345,0.686401830506345,0.736507963033804,0.645878219393777,0.652399380232155,0.671694482666577,0.667969188853519,0.661421831641052,0.719261043325914,0.611232312219015,0.453267918442939,0.333944055537298,0.467981232376039,0.409323884124022,0.337504965406489,0.397652056512695,0.386270194194936,0.452566787058199,0.622595471417742
"10",0.713597044549578,0.709641636639069,0.777379069596265,0.7734730271612,0.804137483964156,0.802066897260576,0.878725368185212,0.906753895136104,0.956421870002673,1,0.962021999924541,0.949796651499982,0.933508996659148,0.920632036485126,0.937835581037756,0.920641912336245,0.920600187231956,0.915997241441832,0.902621705029171,0.874926297132109,0.856673126241991,0.896611678215951,0.893555707131487,0.891005477461112,0.819845344531281,0.85440149000502,0.897085176826027,0.882847697551666,0.897039004322569,0.884879967772208,0.883446811817983,0.866540356986323,0.864799048114779,0.861514260390622,0.856585206570234,0.8317551346853,0.841504202977195,0.854936924566408,0.858334344107799,0.852217346407182,0.81655394107915,0.819389444203346,0.83408891076043,0.799479161458496,0.79476185174401,0.802536238429273,0.79740428077027,0.783327900013442,0.799396702068362,0.801650419281742,0.797873288773807,0.784889187213158,0.776835912525352,0.703456225709928,0.731414615341696,0.712137252254989,0.673843459226991,0.577785005047996,0.663486620573223,0.650244123030568,0.785615375351884,0.723928526348104,0.750514095432738,0.659167976715311,0.662642537570031,0.697834537100294,0.692817846856911,0.677840463235185,0.729903917230562,0.625592050176777,0.461646854899939,0.332629382650466,0.450425980681117,0.394821127191209,0.315086577914619,0.391102338436153,0.395828753289065,0.482195558426721,0.633589949350324
"11",0.709819158330459,0.710270452996849,0.777479026934052,0.769068010316111,0.804860547098944,0.815021413534956,0.886871579798054,0.913845900508081,0.94840927437212,0.96202199992454,1,0.966668999220416,0.944907209566656,0.941531509683096,0.954704434142019,0.935397661771175,0.9353402395797,0.939570342586035,0.9264282600332,0.901785839390879,0.879376779716388,0.91513626569098,0.923483290627562,0.917112124481902,0.834954779946951,0.87953919271532,0.922586680723915,0.909852282895806,0.924726098539483,0.915090627599328,0.918530295054118,0.889007220409985,0.882130693763224,0.895872460609772,0.889402109937509,0.859691727143975,0.868678884112622,0.892567732721271,0.895014802778912,0.900252098213688,0.865800190603887,0.859866996257332,0.878736670983556,0.852218029724914,0.831416695106728,0.844960338095226,0.841804686353973,0.820424608505321,0.817179904018122,0.830008350393522,0.830045395284422,0.815202655741956,0.803435706648283,0.723827197220341,0.76860743127193,0.748742421409328,0.692585738164859,0.584262292934067,0.681861864652379,0.660262934777086,0.810382695933981,0.741211506531391,0.783563107569681,0.679108739823171,0.684701839741523,0.718149622790608,0.717246083350516,0.713575348457722,0.768749277177843,0.652078987740078,0.476101221683086,0.343934776936068,0.490180289884946,0.431989816958335,0.363271844686626,0.427065426182772,0.404144556333875,0.47660306434739,0.658978798368574
"12",0.653261562988559,0.660080353179362,0.739126503369325,0.740202868003889,0.763046118601715,0.755059625554376,0.830274242570213,0.869138389949653,0.917220864084535,0.949796651499982,0.966668999220416,1,0.955720158304663,0.932622270780404,0.954729851928979,0.927152822732044,0.931515499917923,0.944815274564589,0.929123935492651,0.916459716403527,0.876156460825814,0.912876056050011,0.924865373470495,0.915060032568637,0.840890421716481,0.893276267148283,0.919188925203306,0.900147525532255,0.919457172958486,0.914370965324217,0.920969584226851,0.899616184866318,0.887489412520022,0.891882848187149,0.873660919967219,0.843697227647113,0.854499341865493,0.870272259758404,0.877615118173899,0.879597405050202,0.840564564391088,0.84604967712818,0.869378224440293,0.82445105213592,0.835988176473728,0.836760502222616,0.835333652941907,0.813644604629222,0.835062632811981,0.837736759131238,0.834497877001243,0.824269165542227,0.808132030820762,0.743807016286602,0.776749020384708,0.745376261206933,0.693632190353616,0.608935697104973,0.706954225720133,0.675635032844992,0.82504825421954,0.769182529136613,0.785675694222209,0.683985599090211,0.689574860610523,0.735071839664949,0.733186956270298,0.715456260178951,0.769376808780056,0.659875747650074,0.484581798438966,0.349035059429736,0.479565827100508,0.423739081207657,0.353126083353812,0.425173807810199,0.416381781124803,0.497442989646227,0.655089545467619
"13",0.670974336514367,0.671182816723735,0.7390396418051,0.725548822721975,0.758117834816477,0.765722526627321,0.825169603079322,0.857516335161082,0.899795441881088,0.933508996659148,0.944907209566656,0.955720158304663,1,0.951350193138756,0.948569407302961,0.9395081322555,0.935490765100044,0.926963545096753,0.911528993734343,0.894555926557084,0.8727194537153,0.906209874799072,0.91382140134333,0.909971414064863,0.845907277322677,0.870951987469942,0.915792515194687,0.89736462453547,0.909738294708628,0.901880727738522,0.910887117878308,0.883208220559793,0.871138269178796,0.874279778752736,0.861727733979805,0.833050766191511,0.850559065943773,0.866455050248081,0.872845260912347,0.87317317146082,0.842725561791078,0.834563822684561,0.858035958919303,0.820039651205642,0.810099187818979,0.823365588796626,0.829583274426717,0.801617940240806,0.809147939695988,0.811977669543246,0.808691728538108,0.792274869531351,0.784708241081188,0.712326887531225,0.762874981314518,0.739878986815444,0.668933393022991,0.588363347612989,0.670086854250206,0.65483345947485,0.796812061843735,0.735498564159494,0.764600647516905,0.665735363389643,0.669609968681771,0.698382629693543,0.700620508072001,0.70099551029308,0.749839872158758,0.646993761654888,0.465693494224886,0.334639771671279,0.454385714667197,0.397866136600627,0.337408475835467,0.410181071198606,0.402870251281967,0.489057112008986,0.648650940676426
"14",0.679132047550081,0.687167219704465,0.74287298435409,0.730093813933513,0.772866162297894,0.788299553671807,0.85030545313308,0.881175511922441,0.907209995710585,0.920632036485126,0.941531509683096,0.932622270780404,0.951350193138756,1,0.947603904130673,0.927935221421651,0.924815556697452,0.91479861101782,0.895742970940816,0.870765807550174,0.860015942938269,0.894138756880332,0.8961030638715,0.895151616860525,0.821671461085641,0.853362169479003,0.901006096702757,0.888815708521188,0.896023777380195,0.886519047111091,0.88608479264772,0.849581427533754,0.845554925862137,0.851520236311521,0.841229389607039,0.808965825833505,0.818714262513482,0.849439336977582,0.851683490482973,0.858392220199952,0.82702241434089,0.804161986516224,0.828755690634899,0.799834754566971,0.771178980995133,0.792895320223317,0.799656670150879,0.764649505058024,0.759141159753977,0.778595120483192,0.771676699153104,0.754725894485106,0.754117410238124,0.663089092580521,0.724218105239356,0.702522553321287,0.639119897112573,0.543334616714998,0.626459994598664,0.620164498973141,0.766428145963074,0.694457398487882,0.737922404768853,0.62439253474524,0.640862474485996,0.668823944950829,0.663799342877287,0.664463163081708,0.734702402717621,0.610229966602264,0.432465427850092,0.30700397507199,0.453761578024895,0.406281226658616,0.33905664211207,0.398415974562182,0.37159677901016,0.45048994285887,0.625266622902613
"15",0.675049189213408,0.681086252800663,0.748528222080286,0.744804597281926,0.767538194776627,0.771231861323044,0.843417270240554,0.873032095996583,0.913484814319141,0.937835581037756,0.954704434142019,0.954729851928979,0.948569407302961,0.947603904130673,1,0.943071506553502,0.942647618089837,0.941433921088881,0.924295656923114,0.905233771741658,0.875215354012177,0.908996611717958,0.92244823800833,0.910350859441714,0.842145483579005,0.870956276933224,0.914018010310873,0.903297476590388,0.918525644922608,0.919843928356576,0.916883751795257,0.886426724935866,0.871430878208543,0.874200610292598,0.862362649701415,0.815593703240887,0.836287962974949,0.860418227225073,0.861221673092158,0.863119489088417,0.825409771650529,0.826268272816854,0.84616208959265,0.807277778945053,0.800270864126463,0.817468452980665,0.820899632492512,0.785464497392325,0.808039834221369,0.810113101554121,0.796597998391743,0.781812219632899,0.767311278203192,0.694394357154558,0.731365958989936,0.709464213803224,0.658112727933567,0.568676667914437,0.658047294488169,0.650461269776761,0.800625578977295,0.723340380203355,0.756235197741207,0.646014806644508,0.655152332107396,0.700631435215197,0.693545087574347,0.687458558414877,0.746408025312087,0.632565720142527,0.460872099113931,0.324152116100658,0.460148594143916,0.400666365182936,0.332122528882678,0.387666708109942,0.394427272664179,0.458633473614097,0.61379148927125
"16",0.693925852735477,0.704997266900389,0.752777064002144,0.72836234188829,0.763487429193391,0.777318058979963,0.839498657492107,0.869836800308285,0.908237458559025,0.920641912336245,0.935397661771176,0.927152822732044,0.9395081322555,0.927935221421651,0.943071506553502,1,0.963983889124853,0.937619371679379,0.918392402686663,0.896907410580885,0.892546652201137,0.921191028346128,0.903271095363573,0.910333805417342,0.849210309087196,0.867156976189029,0.913647132012299,0.896875473158243,0.908782568927998,0.896672989602312,0.896565242154639,0.872201997631922,0.866871735536448,0.867818370794101,0.864765179542378,0.821488970573531,0.85525750982965,0.859343911497591,0.866198281817232,0.861169443160238,0.841329374203737,0.839739893680759,0.855320061329172,0.821700062202414,0.800731185260622,0.827179073980434,0.836137895166419,0.806078873251589,0.812299261099229,0.814338208591078,0.800992465027294,0.787984001810516,0.781009602210877,0.706556771829293,0.74893196895423,0.727820121315707,0.668742558419184,0.589234567256653,0.664909469384998,0.669050031021319,0.80226303272408,0.722396245970236,0.778688036014191,0.67630603609216,0.675763006223622,0.705480118127329,0.698772464820029,0.711040613928932,0.757344143912738,0.649568996090184,0.485747429145915,0.34793235009577,0.466379814790044,0.416665590624192,0.328199895940207,0.396502900896451,0.398913142061994,0.482650003915991,0.644543008421771
"17",0.695815528953193,0.696999967410061,0.749572927222008,0.73671300644254,0.765400250917173,0.782100793106866,0.834540446812001,0.859435231765974,0.901850587629944,0.920600187231956,0.9353402395797,0.931515499917923,0.935490765100044,0.924815556697452,0.942647618089837,0.963983889124853,1,0.961719870307345,0.945803476237763,0.928220017773769,0.908019580036895,0.939439199061881,0.935332940433248,0.938258708783959,0.878818462704772,0.898081871427892,0.935609381842751,0.922857233646561,0.931434829110235,0.927678483764013,0.934274184876843,0.90596676052361,0.893203323563536,0.886608634682774,0.874006626141443,0.823767998178695,0.85925502015677,0.864336281253373,0.87175571056883,0.866247006366839,0.841343979202217,0.839052584907898,0.858816410371425,0.824715817411816,0.800118949202613,0.825735506945947,0.831842326689009,0.802648374447557,0.806619408881969,0.812610312322105,0.79862345813978,0.789750689203604,0.774506811744066,0.698490042055362,0.753458088545069,0.717240759889157,0.651607082898411,0.580081557668845,0.668881736852101,0.662444578159464,0.813427573445081,0.724548777753043,0.777319072098292,0.660365256926923,0.662090992068565,0.700873618964687,0.693354868420916,0.705880808599385,0.750761703904364,0.635173625030053,0.447792339600114,0.319923179345379,0.444267716005222,0.38812051062414,0.312816225587065,0.38504488278815,0.364835483497217,0.454619527775932,0.625128254246764
"18",0.661070932191874,0.676581023488062,0.745616123690179,0.741444651617571,0.768068353578923,0.76412909131881,0.813517982147502,0.849316640080838,0.892064945548589,0.915997241441832,0.939570342586035,0.944815274564589,0.926963545096753,0.91479861101782,0.941433921088881,0.937619371679379,0.961719870307345,1,0.966008127522983,0.950554333395497,0.900435264035016,0.931170257050254,0.94128948351172,0.936050341688669,0.874766600694469,0.917741525413766,0.92908720152959,0.920000723582146,0.933659694501365,0.936115340607723,0.940294245181514,0.915864971128399,0.900105749389334,0.886420815075661,0.875842149675752,0.814733626459761,0.840927652058473,0.857402942515457,0.865026595852043,0.86927762103005,0.833831620508053,0.837628380918585,0.865443838379329,0.830367541921916,0.82041816018388,0.836892197026758,0.83832530812538,0.805547063429785,0.817321720843089,0.822533428981119,0.821871147591177,0.814524055533611,0.791820419130018,0.717475394645573,0.761715226985193,0.722927614117338,0.666463871947636,0.58789120211716,0.692433260568961,0.662466422527404,0.835039124882674,0.750276936960879,0.783032398290297,0.6648977468065,0.678755061235567,0.726952826244199,0.727234439841593,0.715485174972626,0.773821741137365,0.646860541811606,0.465181592078121,0.319439318936256,0.463196072666025,0.406610910587931,0.343692039703867,0.400866952625493,0.380477321591399,0.455503963071565,0.623452530877801
"19",0.667670889682307,0.683758731481413,0.745211787286513,0.735188313310367,0.766755380358963,0.776951381252481,0.806861269456057,0.840455013029643,0.881816597343817,0.902621705029171,0.9264282600332,0.929123935492651,0.911528993734343,0.895742970940816,0.924295656923114,0.918392402686663,0.945803476237763,0.966008127522983,1,0.956615015018318,0.896040338380459,0.928401156898711,0.939190957714545,0.942659847215179,0.885270315276268,0.921683118414736,0.935258173001108,0.927561568366898,0.943188236660507,0.951692029915544,0.950570606393233,0.931823477878366,0.916913581768579,0.905127106377302,0.891120947370079,0.841883592409119,0.863723177775023,0.868641553793177,0.876551953172065,0.880178845872906,0.845757565726915,0.853027053419256,0.871973295395589,0.84001253496897,0.822442533675413,0.843095186566477,0.840509941063615,0.81638462497368,0.815664488566036,0.833680981924069,0.820839522798562,0.819028040513328,0.795508130065242,0.718323022094153,0.765080939048577,0.723015181115124,0.666664461545309,0.589109703791789,0.698503487959638,0.658243787536746,0.837453959160804,0.737689640875407,0.785355897604965,0.664031707467996,0.66130504384229,0.712189198670253,0.718136456052247,0.712999681680792,0.759633829432546,0.6339951712039,0.442105184427213,0.307281949891307,0.457953949560942,0.406698752476944,0.328967989902956,0.404012392202324,0.366470590840397,0.450844752928758,0.63333557748401
"20",0.630621636458541,0.651137584588294,0.725579282554337,0.720693920891322,0.749019732137843,0.749283685362433,0.782633724670234,0.819396510109907,0.853634749859594,0.874926297132109,0.901785839390879,0.916459716403527,0.894555926557084,0.870765807550174,0.905233771741658,0.896907410580885,0.928220017773769,0.950554333395497,0.956615015018318,1,0.90221712362748,0.929155722820716,0.940440590397291,0.930628898784926,0.884373172126164,0.939590876242787,0.928215113781743,0.918431359074343,0.933574201913005,0.940899189392175,0.94174745478457,0.93421909500412,0.916822625295004,0.89961773569221,0.880590243423761,0.837754520715143,0.85455778436996,0.855963160580065,0.86914772584847,0.877892030028501,0.837739397273734,0.851056594515064,0.880136023497565,0.837926479727986,0.829885188022018,0.851988759409307,0.845190176838274,0.821934889010526,0.824564135382417,0.839834512680419,0.837358689298477,0.840298241859842,0.811294426617223,0.749157607128985,0.785796797048362,0.72984411120722,0.68100946590976,0.618784983888755,0.728632981792926,0.675657367445816,0.857843435592154,0.761671699695117,0.813838846642887,0.691633936574932,0.686316932934123,0.746273342336782,0.755719271351282,0.74864342706694,0.793759429316428,0.67012226589555,0.477292033777488,0.335370332831282,0.464181227387341,0.400024606270783,0.339213405274235,0.414676113723024,0.379354114266377,0.478271221732132,0.64057662799931
"21",0.65786351244792,0.653824559081215,0.717891261507463,0.703521258799263,0.737312449848932,0.744676978062684,0.801112823114077,0.831470098055789,0.86207268844562,0.856673126241991,0.879376779716388,0.876156460825814,0.8727194537153,0.860015942938269,0.875215354012177,0.892546652201137,0.908019580036895,0.900435264035016,0.896040338380459,0.90221712362748,1,0.936034047673059,0.915507802770424,0.905420446099082,0.844929910647563,0.873169754463011,0.89848726279796,0.882640944405078,0.889252532142325,0.886732822211144,0.890394790172327,0.861415122698661,0.847421810938936,0.854468062187935,0.845163736262267,0.804793157017337,0.823278519384533,0.831772718407763,0.842156242954266,0.84181915054967,0.815935063183606,0.817385666929123,0.838004730792921,0.812963100680365,0.782969806641846,0.809362180032451,0.810102020165916,0.785483796929464,0.772038117481921,0.787012488261345,0.78598266831705,0.774989257607763,0.758822355270783,0.695987271614263,0.737932103298201,0.707978507337177,0.640179588357861,0.577226876653393,0.669261057874209,0.639326621361872,0.79322063802168,0.708024028536348,0.771469347515335,0.668445150447889,0.655347744182828,0.690286967173458,0.688077559290831,0.697718253091786,0.745953099506673,0.641637599831374,0.464375287493405,0.342436582135603,0.464976707107825,0.418614659110135,0.352592368334179,0.399795876147228,0.374202756827191,0.455091348833298,0.618892040526671
"22",0.646667377946791,0.656912853297624,0.724637090057341,0.706371032048812,0.747350155840202,0.754030515766121,0.820276729379872,0.855502937172249,0.888927556345814,0.896611678215951,0.915136265690979,0.912876056050011,0.906209874799072,0.894138756880332,0.908996611717958,0.921191028346128,0.939439199061881,0.931170257050254,0.928401156898711,0.929155722820716,0.936034047673059,1,0.956299513664625,0.940430790737703,0.88480663382464,0.920775225517094,0.939267358300675,0.923382046258732,0.92894019016181,0.926129651408729,0.928474573819393,0.910560846301201,0.896002380847571,0.889633515646329,0.872735662541838,0.835769739333922,0.860802696105036,0.865310434725842,0.883556192289102,0.872728342180013,0.838832288284281,0.843704161264698,0.86174238422014,0.831264913120065,0.805200745262121,0.825373340880153,0.822901687695952,0.810400250627309,0.802519491682876,0.811428005749226,0.806203873519807,0.799692630274592,0.786103805090744,0.709918457694843,0.759240218346544,0.728129912176351,0.663644953674219,0.595537213778327,0.687737575325058,0.675069690491879,0.842631622253304,0.741659052755857,0.812496356389166,0.69495625781928,0.697340165136252,0.72945849935476,0.721316841776368,0.721710849863652,0.778460681965615,0.668807810846679,0.479193276213495,0.356277837320394,0.476110469397291,0.439867344906092,0.36452492108497,0.408996690970532,0.383809267370251,0.454749157168213,0.632660877364797
"23",0.639882686050107,0.643370583775997,0.717659501116877,0.710847164152205,0.742253395828056,0.743986258999324,0.811370402280995,0.853668047300835,0.885029609030161,0.893555707131487,0.923483290627562,0.924865373470495,0.91382140134333,0.8961030638715,0.92244823800833,0.903271095363573,0.935332940433248,0.94128948351172,0.939190957714545,0.940440590397291,0.915507802770424,0.956299513664625,1,0.958673527556366,0.904717624465179,0.945742652926653,0.94975307084902,0.941554492484276,0.950535424842432,0.956406475582592,0.959944611112462,0.937371897628042,0.914009005762399,0.913672655262099,0.885223800913852,0.847255111508227,0.868838872895132,0.879887120883167,0.898949320723812,0.894956644250868,0.863475262999348,0.863456884497055,0.890359522546449,0.854090152863701,0.839659077440351,0.854597132923303,0.857982930672161,0.835654919499922,0.827084189880997,0.843417515246294,0.833882446481388,0.825779680854914,0.797898773675351,0.732922215646613,0.780461416915825,0.741763753884674,0.668837114794618,0.598349045385014,0.699180277225773,0.682588279245837,0.858890964563718,0.756275117798255,0.818816511088807,0.696923797017736,0.699744742578066,0.737616217344997,0.72942662350377,0.740048440844683,0.802040985069875,0.685377996744017,0.473883885287415,0.34465067180008,0.482044722122197,0.425555774487406,0.377811182081107,0.408638002314697,0.391893919950685,0.466917949139569,0.64537295738609
"24",0.655442165345202,0.661818612857678,0.718281972136418,0.698632391993873,0.738575016455004,0.760298255947988,0.799308991354234,0.847808018698575,0.883331069165299,0.891005477461112,0.917112124481902,0.915060032568637,0.909971414064863,0.895151616860525,0.910350859441714,0.910333805417342,0.938258708783959,0.936050341688669,0.942659847215179,0.930628898784927,0.905420446099082,0.940430790737703,0.958673527556366,1,0.911648543450592,0.934435480435809,0.947196550862869,0.944855571895504,0.943571775949618,0.941558836977035,0.947797917760142,0.922968933950877,0.901412351711149,0.902031754243608,0.888442900588969,0.837887623973112,0.858711241145437,0.87477521359931,0.88433354506649,0.881337241096298,0.853668732449863,0.848691555817048,0.874672179491864,0.838468154180235,0.80798374792927,0.833347518578968,0.839086838426869,0.803971349162377,0.797802696991093,0.814406171184492,0.805099521272661,0.796618145369191,0.775435379946708,0.694581045279396,0.749604590174422,0.711833555446464,0.644165616757467,0.569171947632021,0.671777269831844,0.663315160055852,0.84211526504967,0.728016980406375,0.798809512988472,0.674789179885408,0.678382439210074,0.711606554057108,0.707736859508546,0.713222369467482,0.761998499798676,0.635045773003302,0.451561814251617,0.318248438919124,0.462739758175948,0.424415266831518,0.343551909797242,0.410136390548448,0.382853420833799,0.449944933606251,0.631295610021113
"25",0.596718691113806,0.598665387095196,0.660984730819748,0.651887761570135,0.681997776914572,0.690472741426451,0.735011540390274,0.782116968405806,0.813743034536384,0.819845344531281,0.834954779946951,0.840890421716481,0.845907277322677,0.821671461085641,0.842145483579005,0.849210309087196,0.878818462704772,0.874766600694469,0.885270315276268,0.884373172126164,0.844929910647563,0.88480663382464,0.904717624465179,0.911648543450592,1,0.898033174249543,0.89028316427165,0.881179152708406,0.892096198583582,0.888112323157511,0.886148607023858,0.880190446593437,0.858078696300717,0.841000762260085,0.83304284297197,0.782207996750894,0.791760860616929,0.810391062211341,0.820557335734447,0.826247833549764,0.804571199907491,0.795199922239052,0.818199433664157,0.792339419888366,0.770371520753905,0.791159057872795,0.789511517892497,0.769671941497382,0.759266727136026,0.775058480020638,0.767353665579041,0.767074170199835,0.74555388119066,0.673131620511277,0.728152829387451,0.683682024448381,0.62060635570358,0.560848694372393,0.649849431248498,0.638236286316524,0.803447880017305,0.696446958249747,0.770988578227482,0.653623507059567,0.657845975571664,0.697114670604703,0.68809690803023,0.687533493017983,0.733271739365298,0.620628959115651,0.435793391117618,0.31005690858657,0.42923004418453,0.397192014120731,0.327842297166331,0.36798227014576,0.371965112187693,0.441967769253116,0.605203812090076
"26",0.600272014134454,0.621608101517263,0.686547284828845,0.677303312555868,0.713440219805968,0.715964276609487,0.753912810567973,0.802082303238557,0.834072659390741,0.85440149000502,0.87953919271532,0.893276267148283,0.870951987469942,0.853362169479003,0.870956276933224,0.867156976189029,0.898081871427892,0.917741525413766,0.921683118414736,0.939590876242787,0.873169754463011,0.920775225517095,0.945742652926653,0.934435480435809,0.898033174249543,1,0.936433698930258,0.92075677658042,0.930438325369687,0.935992299184183,0.934160518712516,0.928931985549581,0.911936933456974,0.902035686182645,0.885920075215286,0.848293260688643,0.859403556567716,0.864194308510468,0.886275494866196,0.890081651139433,0.847025565296358,0.857084431184473,0.890934375821425,0.847224219984097,0.836788109094697,0.850080201179837,0.854001920620811,0.834052417506583,0.826519259945736,0.854172112184792,0.846107751600599,0.848688974872561,0.817377088078088,0.756743525092364,0.7956932371863,0.743068418856534,0.701431278645721,0.636701831360818,0.736977684060645,0.705724935826778,0.880637196252443,0.771788340180581,0.83774613232534,0.704093927364336,0.71741030123222,0.759557730331143,0.760076251102148,0.762893927344821,0.814079583766158,0.689906719772285,0.499106336207678,0.363823792233306,0.490145009320125,0.433627560831101,0.377090426461052,0.440258983664997,0.40731077852415,0.509669718049951,0.676170764709505
"27",0.676858524130619,0.670555308736468,0.730071721553408,0.716376373399567,0.759329415245731,0.781155398881632,0.817230873910843,0.85922003961227,0.882982264652736,0.897085176826027,0.922586680723916,0.919188925203306,0.915792515194687,0.901006096702757,0.914018010310873,0.913647132012299,0.935609381842751,0.92908720152959,0.935258173001108,0.928215113781743,0.89848726279796,0.939267358300674,0.94975307084902,0.947196550862869,0.89028316427165,0.936433698930258,1,0.967668079912587,0.959172111560766,0.95110948978892,0.951725609354447,0.931033842098326,0.920424325084656,0.928268879044895,0.908860906916469,0.865695177232725,0.884466062991467,0.898980634315648,0.913314818725478,0.915085554291964,0.878588935248572,0.882692656635849,0.900033705794542,0.873812570065144,0.848741588321875,0.873174284995069,0.876923917828501,0.839434351436615,0.839520229635794,0.859245249936566,0.843873815361784,0.841245727134157,0.813842948313489,0.727563792087481,0.782175751510851,0.74197953179951,0.679434433587542,0.588156043268511,0.695796721813737,0.677953396203587,0.853597988965316,0.753720646838139,0.818898260716006,0.698394286675005,0.700090417732757,0.742886064205879,0.741813528749553,0.73914676369431,0.802077684494701,0.676090273505945,0.494719717876517,0.347708044718283,0.486415314419666,0.442556317236282,0.362351926094862,0.42202937913379,0.390010923595317,0.469909318993873,0.652340101306305
"28",0.664178411771381,0.667916103253968,0.719522330860562,0.700685097491678,0.742019957124224,0.772688069866634,0.806321674830913,0.855588305165134,0.872464221661681,0.882847697551666,0.909852282895806,0.900147525532255,0.89736462453547,0.888815708521188,0.903297476590388,0.896875473158243,0.92285723364656,0.920000723582146,0.927561568366898,0.918431359074343,0.882640944405078,0.923382046258732,0.941554492484276,0.944855571895504,0.881179152708406,0.920756776580421,0.967668079912587,1,0.966266286490429,0.954162994824884,0.953133390574265,0.93673036729496,0.915702273397211,0.925845367039538,0.906645210881517,0.861754358344552,0.87910527144095,0.902638107402276,0.911726945694071,0.915712776001159,0.886845470496705,0.881827035333612,0.895879759213437,0.873173667105312,0.839206146473588,0.871780262591032,0.868729794194924,0.831510171761129,0.829923371861475,0.849117948032267,0.835488687705997,0.827663594938425,0.802846548372216,0.710195371861681,0.769608741901107,0.730332104133866,0.666533364851866,0.558939341430561,0.671389050367117,0.668490419380555,0.841613466541012,0.735621103920748,0.811436454543925,0.695517309330747,0.6988313354672,0.730597984630661,0.73357900456377,0.735263270060455,0.801631171212361,0.669214645429964,0.488931581777545,0.344621198167828,0.492052348447577,0.435917260922155,0.367633826893138,0.424337903900605,0.3928007883856,0.454606404826354,0.642901809211088
