"","V1","V2","V3","V4","V5","V6","V7","V8","V9","V10","V11","V12","V13","V14","V15","V16","V17","V18","V19","V20","V21","V22","V23","V24","V25","V26","V27","V28","V29","V30","V31","V32","V33","V34","V35","V36","V37","V38","V39","V40","V41","V42","V43","V44","V45","V46","V47","V48","V49","V50","V51","V52","V53","V54","V55","V56","V57","V58","V59","V60","V61","V62","V63","V64","V65","V66","V67","V68","V69","V70","V71","V72","V73","V74","V75","V76","V77","V78","V79"
"1",1,0.948282000392592,0.885666902464078,0.842155886535578,0.867834668042439,0.858329651836765,0.823353933069707,0.820789789039683,0.784866722461989,0.706172336947345,0.598790095101612,0.57890025933421,0.58539948725192,0.486543716470311,0.507778108213205,0.545718522484006,0.588140154862812,0.515079752086045,0.553174750506814,0.623724841944614,0.568716980131055,0.604375257340725,0.600514847159906,0.548072564299029,0.466833784955108,0.508393020254928,0.561651338900854,0.476722018373806,0.461717706327328,0.453970226175477,0.392086243670529,0.318635391426931,0.382015971396697,0.339201727412942,0.390860508459788,0.375286367793047,0.281643286569146,0.27606234499926,0.369893757088098,0.334439638406128,0.440871008231617,0.396888968340596,0.381174921157925,0.414145299177589,0.296113906325376,0.214288891852228,0.224585889375633,0.168266716210326,0.16495780189409,0.260872791012636,0.342236624979957,0.338697946540821,0.362829690055994,0.315562791705693,0.184611733346931,0.265181460509317,0.272600489942825,0.280103105667446,0.321819433246977,0.256586869956623,0.275783095691982,0.352626066643808,0.322996310292417,0.273089714228527,0.40066076828816,0.361251018030406,0.368861698649183,0.425129869728427,0.408652326798473,0.2967706338868,0.230804810098593,0.238359648390437,0.204281197617,0.17666747887843,0.102346367786179,0.183757508641737,0.415137833639061,0.327013584989635,0.320550912606909
"2",0.948282000392592,1,0.931382267238899,0.888300763369794,0.896728461248065,0.877470290221957,0.849481062816614,0.836219950102533,0.807333135167957,0.726974079525108,0.626539295206074,0.606338016296729,0.621383747437912,0.513607676391189,0.524548631751586,0.572502186328669,0.608789605907479,0.526309431702514,0.574132389856857,0.618831873526826,0.586492548300611,0.616830179246923,0.617919487839493,0.581427381352159,0.508015895079966,0.542589446512806,0.596223053675564,0.510435288189002,0.470261671603076,0.448728065250955,0.393113121561944,0.321462272574674,0.371525549988547,0.355514760209177,0.398730176252561,0.391023313570628,0.302163671334531,0.302647001775529,0.397096993852279,0.351739696992635,0.463845012828226,0.393874938363772,0.381546720715298,0.408361697987195,0.28714614045991,0.229664959248329,0.230637263014416,0.173194682781901,0.165832130184875,0.262362195243617,0.331281450163415,0.338493321310591,0.355493666363645,0.307255791434642,0.20142883627267,0.285329597010285,0.291052451499539,0.282001189329595,0.329595539102785,0.278813008227026,0.283910765882362,0.357087573954851,0.332467958218671,0.26644914363112,0.418025126774464,0.377196055909704,0.378279790926159,0.427397719832713,0.416230403459881,0.313356966865375,0.225239466349012,0.243598828539488,0.21426846356419,0.178547461054975,0.120835057203106,0.181790012575522,0.399715863693171,0.31900563722688,0.294922200367784
"3",0.885666902464078,0.931382267238899,1,0.942370900269783,0.92885742330414,0.896861234260378,0.876241420808385,0.830103613024061,0.793988296704845,0.721684891100644,0.614710191213971,0.578636178861557,0.582139076857638,0.476417774604539,0.477535739023195,0.53135901226225,0.567362774561718,0.481204772315406,0.542370423154396,0.593250642962976,0.542444694888364,0.568167093083854,0.58057440483554,0.525977410747934,0.465121837646902,0.487045730406279,0.543224442782867,0.475406522235165,0.443909464597497,0.458460901932893,0.389017017463286,0.3099890253961,0.346664498105072,0.339142931922251,0.378852013827632,0.36393991683673,0.299614483827962,0.279516847634769,0.373617186089252,0.315256592927512,0.453898408809565,0.383825837113854,0.374695076211406,0.389223431504484,0.274126370475675,0.228167818648701,0.221672369160195,0.167452743954317,0.159046009825245,0.256816423556472,0.325366684500265,0.326871164041925,0.355910976975861,0.306419751620352,0.195187600613209,0.267266678619825,0.290895653359603,0.272843383901898,0.282792872100574,0.251752158582085,0.250101028229587,0.322891128452976,0.320027516236327,0.271438704373122,0.402788359218101,0.363769266271121,0.377199802813875,0.430124183242927,0.414845544814656,0.29731069781407,0.227405135968794,0.261589292924427,0.214412919566646,0.175163613154101,0.111515516622271,0.211979297060782,0.397762848533388,0.331567245305777,0.299474944978811
"4",0.842155886535578,0.888300763369794,0.942370900269783,1,0.933992867492315,0.898217024269117,0.87055112417729,0.845965204970652,0.812029170256845,0.733311480397387,0.632005426293275,0.606545076842788,0.608793860601207,0.501371829415388,0.495035877329505,0.542791615960872,0.592589641572541,0.514027765374911,0.55894974297427,0.595433520537899,0.544008387427309,0.56894323375021,0.585236762343545,0.528662623131327,0.474388264715872,0.506453107051084,0.553511101404651,0.488102680952835,0.47640397727457,0.473768482407097,0.405406225576722,0.339447024762792,0.367887689077437,0.359179913695683,0.396977456319403,0.361310595157564,0.31736786313347,0.295180103025027,0.397699395028427,0.322735666874857,0.479922432680999,0.386847589219846,0.374828531227211,0.401030997488583,0.281390762734362,0.216448384222635,0.217870426055125,0.169082222367726,0.16268990117344,0.278935604154795,0.333503045420314,0.310147726238667,0.335887950273074,0.289547708604227,0.181162115301436,0.267397503433085,0.296037952301426,0.274236797833196,0.284223231803363,0.249012031529058,0.266814485850153,0.337547571597435,0.319815139003683,0.258836799307778,0.424237026933449,0.377084230177212,0.394439125214634,0.421124184151513,0.421145216211411,0.30539680424484,0.238802317054497,0.271413015183304,0.219378945923053,0.196458791495149,0.104298039859548,0.190751494960212,0.379974846760421,0.317090354628531,0.287481206330758
"5",0.867834668042439,0.896728461248065,0.92885742330414,0.933992867492315,1,0.930241937779585,0.889432126932608,0.873127531929847,0.838161352823228,0.759055287413354,0.656035827123876,0.62285601222204,0.629557897743218,0.525160299506536,0.52077597165515,0.584518886887012,0.619988163189565,0.550759184159828,0.594085735290125,0.64400237033467,0.595923062266065,0.626940114031964,0.628424343146407,0.576554889569091,0.517541645685321,0.548694487300611,0.596786656581046,0.534033250290527,0.504294198579933,0.505681896332012,0.432187245555951,0.355523395125702,0.379732200328132,0.373886287460954,0.393687085623983,0.387668565597115,0.328225439532884,0.3080477723454,0.410466387978501,0.333694625374856,0.48564663871876,0.405540526724357,0.402670491057234,0.442903831233752,0.304498078844265,0.232214769525728,0.232218107619727,0.184425803926795,0.176769482949657,0.295885316257168,0.366480961414233,0.342148060744321,0.363465363766814,0.316883293450843,0.198014002320836,0.293876067065672,0.318412127939145,0.295226492217544,0.316736914029003,0.272818905049979,0.282438909644366,0.376106983397523,0.346575100694641,0.290982774905361,0.453075439250832,0.408227906454247,0.418485520203513,0.46166675598076,0.452606911940048,0.331917324289073,0.277396245857481,0.303178992849122,0.249370586564049,0.204266275005644,0.102623005305498,0.207586030167624,0.423777878750217,0.340570858588916,0.322174444296451
"6",0.858329651836765,0.877470290221957,0.896861234260378,0.898217024269117,0.930241937779585,1,0.963856144678162,0.921932977605022,0.870656240003018,0.812789935189646,0.718424474192412,0.680551297844211,0.67798553617827,0.579420055680295,0.565019440075384,0.603946017844407,0.649072804546253,0.572105872514905,0.608160306045577,0.68241820124565,0.615520599778337,0.629882071432383,0.654640715159296,0.583858273171175,0.495882586276848,0.521880700924838,0.57942225813427,0.50381810500165,0.497615782422238,0.499210716565037,0.422292390042216,0.348001317996185,0.377667427240196,0.371292399353281,0.410416679839751,0.403035797833085,0.346572283092329,0.344883460591479,0.427306424930711,0.333537990355266,0.488537749913101,0.406543877627477,0.408450321875433,0.435461307626964,0.306913971976064,0.24294885776502,0.250031487859387,0.191712552513139,0.180019350206862,0.288838997852323,0.365309524989505,0.366649486520461,0.380250871410719,0.333250824073543,0.196655205666467,0.288648354496082,0.318127316340264,0.309540198685001,0.327904367081534,0.267087774596781,0.284075828907781,0.35979618473209,0.32987223081725,0.268899885852338,0.468176002362628,0.408707998936045,0.431039131371569,0.474691563810773,0.454818114298842,0.325815902591795,0.272754807348357,0.291129745024232,0.232913408601701,0.242138241694919,0.133905288808452,0.235991527906854,0.461094391355077,0.351161202664096,0.322519632754369
"7",0.823353933069707,0.849481062816614,0.876241420808385,0.87055112417729,0.889432126932608,0.963856144678162,1,0.928505174563507,0.866488738151787,0.809528870810895,0.706449251121469,0.667507766207098,0.650279611360189,0.574718388278372,0.554154076800111,0.571000458194365,0.621749151599419,0.53815537811282,0.556879590807232,0.632444541090732,0.567750454722091,0.568855742680341,0.607069129875576,0.53751747703377,0.458631822562325,0.471987498361024,0.543027066757306,0.472816994279256,0.494257988895353,0.477247615708592,0.409380304403805,0.318494546042228,0.34677895954863,0.338392406316741,0.38966532391921,0.378928053361896,0.31673481157305,0.316304336318542,0.379728757695401,0.296080141928517,0.46917054700416,0.384925087714596,0.387982330486194,0.398855093231651,0.28186321396597,0.231460716297946,0.234816453903777,0.17148952939693,0.164911405369601,0.265364381281068,0.329406333853668,0.348949627739234,0.342350989278387,0.307825354355142,0.172849582423095,0.247046478343183,0.264933590109625,0.261218370611787,0.271210965225891,0.218651148412119,0.257777851868163,0.313191765837824,0.288617175093737,0.234525198957785,0.429260871214416,0.366186397804155,0.381937039446261,0.426761100759033,0.419227050119371,0.311484003250835,0.234706968808415,0.262965833627558,0.197377971298116,0.21997712722483,0.133546133228588,0.232752091164068,0.426641869520945,0.306081420032796,0.261846276058224
"8",0.820789789039683,0.836219950102533,0.830103613024061,0.845965204970652,0.873127531929847,0.921932977605022,0.928505174563507,1,0.942378700858802,0.878135163722561,0.789363797409802,0.745532520334096,0.75899872164121,0.685537866450519,0.654907464745859,0.650673326390877,0.700602126864366,0.615740577203732,0.654387057490476,0.689345288647183,0.646462340602808,0.651309609388806,0.687760995139711,0.634706550615004,0.532890182634678,0.571952545388637,0.645777635288656,0.570890424750011,0.60020024015795,0.54916387628542,0.486267419289838,0.394486204534292,0.406576284556832,0.399394173066922,0.451219202331967,0.446224613276132,0.351615669247325,0.369377908512038,0.450560947659052,0.356573562242103,0.506626989822875,0.439769747506563,0.48634505585393,0.466153604833618,0.334765761251044,0.266182137014705,0.28117607764769,0.216403319023733,0.220913646623852,0.326143679390449,0.398527285556461,0.434177512796331,0.396135604610425,0.360883235448841,0.216468050619738,0.305930883297993,0.313376724837822,0.308910153189797,0.349335293586096,0.310596590767418,0.324988760037571,0.384170822516093,0.349483170305849,0.284277141061197,0.48070765383655,0.420372097065441,0.420963551541834,0.458161295207532,0.459016609771383,0.340009053491297,0.27016876418136,0.2760650473011,0.239294672859747,0.22006070187618,0.158645566521809,0.24749058626704,0.445839437171772,0.339079400825531,0.30686417132084
"9",0.784866722461989,0.807333135167957,0.793988296704845,0.812029170256845,0.838161352823228,0.870656240003018,0.866488738151787,0.942378700858802,1,0.937699314015946,0.867741861210111,0.841321786380609,0.827092556687905,0.722801651397498,0.688741736718756,0.718123681237318,0.758296747548967,0.657204262558569,0.721217243018876,0.737562774408892,0.715953224502366,0.724656017801856,0.747153270237282,0.710714847609277,0.607296679741994,0.633971920889023,0.690513413946082,0.624508157036547,0.631671186068855,0.56943758385371,0.518642890147535,0.423395056867402,0.438996036094661,0.442083497712889,0.456004111625055,0.479356045081558,0.39094258376941,0.376159239342225,0.483705394253737,0.383330638939159,0.523190148875922,0.475104589213383,0.517849814322368,0.49185910354583,0.36697722031689,0.291599024944843,0.315067000352181,0.238089080627958,0.235342259121331,0.352556069277425,0.428980264888828,0.472359942124578,0.432085545331035,0.403638525180527,0.251514235312339,0.358481136829159,0.366047146254977,0.350039022699288,0.364453180871605,0.358341555677848,0.352573944137762,0.437041827611454,0.400829568278207,0.330178811161024,0.521041108134043,0.442137883865235,0.437720076526531,0.459860506391655,0.486386464577002,0.358517486666131,0.33130934177841,0.303279789194606,0.258701463199542,0.202823580111413,0.16044203577687,0.232667929317104,0.474540614746359,0.380604521415957,0.350404086420283
"10",0.706172336947345,0.726974079525109,0.721684891100644,0.733311480397387,0.759055287413354,0.812789935189646,0.809528870810895,0.878135163722561,0.937699314015946,1,0.913839906890453,0.891743490292618,0.856314069951098,0.769329932163402,0.723641552913309,0.742927977695724,0.785805207764578,0.714666394995473,0.733542713786173,0.742484751926584,0.71878033309157,0.726506971666751,0.749712354143739,0.710606764037858,0.588144896825613,0.607666378643321,0.670440561378753,0.600462668338321,0.601346243061337,0.589916350691032,0.531143010068472,0.435744111480992,0.470108198755092,0.474374142056929,0.464089822766805,0.488388334895915,0.420654331110429,0.40776864554644,0.509367760952812,0.382210693517018,0.505769695358995,0.479765386311533,0.53015341860773,0.493003891398096,0.378599065836922,0.30544166026683,0.33607468726387,0.251199182475695,0.245546314441037,0.370217022577391,0.452216849364144,0.503938670388458,0.474843064109595,0.43883082303274,0.262281989019464,0.373058547983888,0.401245020318007,0.391974336861996,0.359989320094559,0.375400529728892,0.3589170774435,0.452355481504095,0.408525240441885,0.368073383364451,0.496192369355719,0.426247599850835,0.437022824143777,0.464215724800973,0.489924730935282,0.361872922238593,0.377427138236561,0.315478526745465,0.273449255373026,0.2166831389763,0.172878676877097,0.236011305057271,0.517611270190765,0.4291516477173,0.405975016832796
"11",0.598790095101612,0.626539295206074,0.614710191213971,0.632005426293275,0.656035827123876,0.718424474192412,0.706449251121469,0.789363797409802,0.867741861210111,0.913839906890453,1,0.927903572300254,0.869501933763377,0.773606745313686,0.730240934259612,0.774867245954435,0.780489752607969,0.729995008973539,0.750972155067647,0.759058503858927,0.727544095319308,0.729477775501168,0.745877039761307,0.709780980094562,0.563807298713441,0.57524582319637,0.650059477339225,0.593089247002947,0.577683156739059,0.557878861877715,0.512698059881563,0.447882674959141,0.490343438165785,0.48800339048182,0.450989259845089,0.51278799297461,0.450358307637294,0.425259525899245,0.530438518815261,0.389620879556079,0.496870832453128,0.469772240168965,0.52952473191513,0.493117976625737,0.411064257883222,0.33655256120691,0.378839853607336,0.276321536707699,0.26282541946663,0.395021051890126,0.492961651884111,0.513154772276617,0.478636234244041,0.459788000382473,0.274811846411802,0.417724969462866,0.455129307151987,0.432617731635915,0.367687672652971,0.389093107729259,0.393447774604882,0.475759929016284,0.4290964920128,0.384911421252337,0.501779828073034,0.442328101037362,0.44873780957441,0.452781442043705,0.505939680790188,0.374540770128337,0.432590220700898,0.33982262948156,0.288206938161308,0.183546650121507,0.172576718754564,0.236290625134623,0.486514630948396,0.441177883180731,0.425519030060406
"12",0.57890025933421,0.606338016296729,0.578636178861557,0.606545076842788,0.62285601222204,0.680551297844211,0.667507766207098,0.745532520334096,0.841321786380609,0.891743490292618,0.927903572300254,1,0.889058371502269,0.782743313630682,0.777621512855317,0.786434276087952,0.799111849034281,0.736637414102805,0.740829223399973,0.729168557507289,0.712147861545019,0.712629766202792,0.733082301977829,0.724544903474225,0.57850716272156,0.598592794002197,0.660568527330334,0.60511719717818,0.574726679795035,0.575370656177296,0.520079650522519,0.457224322938004,0.479696356247253,0.494226176014599,0.462698651596496,0.517301739886382,0.450624153876437,0.415702680885841,0.529461655204148,0.387183971669613,0.480835994076399,0.460829176671913,0.505219538498637,0.497447084934145,0.414460440219161,0.342323376965458,0.37588073031861,0.287174467314596,0.277503668942954,0.391366291114484,0.467452397952554,0.501319598885177,0.481484486687765,0.462195771504347,0.277798942177045,0.411691054947641,0.427524952475159,0.410375483797974,0.359914969596834,0.401823376789696,0.39189243201567,0.470908842417413,0.426885067537009,0.390508179604469,0.489091036267758,0.446886779479574,0.43640320877889,0.441440994350919,0.477598607295191,0.361541224809293,0.408710217942559,0.32299693239308,0.293481585978613,0.190048608208209,0.15717188878766,0.196931590360844,0.462729040802442,0.426129261568449,0.415869167667645
"13",0.58539948725192,0.621383747437912,0.582139076857638,0.608793860601207,0.629557897743217,0.67798553617827,0.650279611360189,0.75899872164121,0.827092556687905,0.856314069951098,0.869501933763377,0.889058371502269,1,0.840335418294813,0.766944120226974,0.788372680032235,0.784087166286678,0.736090685735298,0.760059412275101,0.720946185663313,0.764321929743952,0.760031674704669,0.794661409240571,0.783304749854697,0.641072986012869,0.669466423826154,0.716257363708738,0.664751229425408,0.592528536033666,0.555540664168145,0.51812605828479,0.450721555655687,0.462122191419984,0.487954069649357,0.475234110435589,0.52707313682444,0.426209778267642,0.431698572723189,0.51581794253712,0.400778034386792,0.464897296046265,0.458063756430911,0.517503607156273,0.47420794945347,0.390144088283766,0.331980444796524,0.358883843454646,0.2713724745749,0.269091453331459,0.386142414775571,0.467454607062139,0.517539225446345,0.465194928702427,0.437423133862622,0.292855551767593,0.426095351698824,0.423227419928214,0.396582785544085,0.398090234170339,0.450724548855306,0.388178447556429,0.460225424038972,0.416022728344856,0.354233662172774,0.502165027617504,0.458082858792442,0.442058468326346,0.448836740220736,0.481214572580553,0.360230979132106,0.374952404279265,0.3123494960345,0.313504926076097,0.212368941291522,0.16731099064976,0.210276636876003,0.447595481446396,0.400154207420012,0.374979679912133
"14",0.486543716470311,0.513607676391189,0.476417774604539,0.501371829415388,0.525160299506536,0.579420055680295,0.574718388278372,0.685537866450519,0.722801651397498,0.769329932163402,0.773606745313686,0.782743313630682,0.840335418294813,1,0.762041110294623,0.716129296416969,0.722610670717856,0.737590148311041,0.669359986560219,0.633014453709179,0.658443152112353,0.634943402485947,0.68487863611505,0.672478468429896,0.514112231860519,0.579377453141822,0.619802512569706,0.610404496904888,0.564656601956926,0.509246014120044,0.505245807992323,0.41820596813678,0.437206367818919,0.469827273672035,0.427558359244505,0.490060317958522,0.391221875145405,0.403507154472417,0.474146329890682,0.3616390942561,0.428798707174784,0.423212833943191,0.531551538020445,0.441055374811192,0.372037909416924,0.329169293759287,0.339872857436968,0.247164606315092,0.248882287786652,0.356617972150416,0.460307041204888,0.524976411133951,0.448479528615595,0.442778222895344,0.282834449509451,0.376495903831729,0.38033648870891,0.354287780300885,0.356382671584497,0.419464954657016,0.381293244592882,0.417624382729905,0.380801813657484,0.342186387740637,0.44083664763894,0.399633738916557,0.396070761418865,0.411527622066845,0.434078444302122,0.333289547949968,0.327367783899485,0.27308727303961,0.282505472426863,0.18479098981833,0.156837932927065,0.231121757547581,0.468717893127491,0.37171152846016,0.349765692946804
"15",0.507778108213205,0.524548631751586,0.477535739023195,0.495035877329505,0.52077597165515,0.565019440075384,0.554154076800111,0.654907464745859,0.688741736718756,0.723641552913309,0.730240934259612,0.777621512855317,0.766944120226974,0.762041110294623,1,0.780897231684705,0.789900345594007,0.728021607923101,0.695972393552382,0.661330771098294,0.65366725971343,0.64406536829106,0.687929925073751,0.694309719116831,0.558874406451176,0.601641203190729,0.654113464690979,0.613768716263934,0.54947869665462,0.569492084287157,0.555442947491897,0.480127251004232,0.4943809849502,0.528010259556774,0.490026093815525,0.526972221066123,0.428773303373518,0.419033306318609,0.511990024154369,0.366239426476776,0.420017995358789,0.436493240147899,0.511913704524716,0.506714987750083,0.411393072800925,0.345306078344751,0.367027896509201,0.3081425628512,0.295312069129018,0.390183827849387,0.432880113580428,0.496105612232531,0.457071146377749,0.475066293490588,0.292135736075026,0.399185783600958,0.395326878478777,0.398090962260961,0.380957683872405,0.441928314664146,0.389320792515472,0.449671375063093,0.404674623364002,0.369577808950066,0.467462016957666,0.458214292555231,0.425012948532493,0.436674260050618,0.459638339699485,0.358265625532177,0.356499917846828,0.313530610343459,0.302029239436031,0.195420928368116,0.154466890817826,0.213525112728785,0.415437192988615,0.370622868272077,0.373367321991802
"16",0.545718522484006,0.572502186328669,0.531359012262249,0.542791615960872,0.584518886887012,0.603946017844407,0.571000458194365,0.650673326390877,0.718123681237318,0.742927977695724,0.774867245954435,0.786434276087952,0.788372680032235,0.716129296416969,0.780897231684705,1,0.826429541769925,0.743436425303349,0.746659872546942,0.710791539553485,0.729385714885446,0.725217226213275,0.735348501192749,0.737748588810213,0.605856259424733,0.640880665251203,0.669878487677043,0.626226724999555,0.556467426190023,0.527297738909654,0.534088508415406,0.466399910261853,0.504231473301423,0.541638711023157,0.473190388798517,0.558185865791543,0.461354365606234,0.43390475541592,0.542979799944725,0.418054447407018,0.456683754167489,0.462789096374222,0.516929726387034,0.514475809273951,0.442040988635979,0.369786954513477,0.41367539028994,0.326703426115394,0.305133871904424,0.447033630710932,0.480261366141561,0.487652765818079,0.455088254433899,0.455724476596968,0.286054885082475,0.42064015181454,0.445834762323341,0.441420381517047,0.407792598740595,0.437711340158267,0.417369504035041,0.48335900420082,0.4434843391701,0.385785087814271,0.492878317687624,0.483969158866058,0.471641762976682,0.465459360205281,0.482652391346302,0.379596166397151,0.418980683030538,0.345560624506943,0.334709417239005,0.158529117667848,0.161810006269173,0.184910809808525,0.460576978401999,0.374693737559261,0.372860595740523
"17",0.588140154862812,0.608789605907479,0.567362774561718,0.592589641572541,0.619988163189565,0.649072804546253,0.621749151599419,0.700602126864366,0.758296747548967,0.785805207764578,0.780489752607969,0.799111849034281,0.784087166286678,0.722610670717856,0.789900345594007,0.826429541769925,1,0.766467698309722,0.742551003719279,0.721689242216952,0.705973449296526,0.70861223808248,0.714829923919803,0.700373366572644,0.605902163563503,0.64705867381777,0.668616405542784,0.620989621902868,0.574654593800288,0.562240503598993,0.563388753233126,0.494505816998387,0.49551035867506,0.515398158787521,0.499495971376267,0.535937609914522,0.443553882653508,0.440386604284442,0.548454102395836,0.410988582350411,0.491391545412623,0.460801107887244,0.517628403945192,0.529099791311309,0.433195666684163,0.374775457002555,0.389801731093513,0.331357079763055,0.320299486477693,0.417484660009295,0.473188255671048,0.513242341653009,0.482817579806853,0.481495593091228,0.308055385308045,0.427438530811012,0.438600698337424,0.421180563905548,0.391174524835723,0.440704664354656,0.406976109040474,0.494610651509832,0.439903695597648,0.391912901840775,0.507866171469664,0.466351843585038,0.465399673107497,0.46221420818856,0.497165047622505,0.385597911470001,0.381275855100554,0.324307021032821,0.343074898481311,0.189951564882464,0.171352703455517,0.190834337276169,0.443054485963358,0.412673643676683,0.400913570335116
"18",0.515079752086045,0.526309431702514,0.481204772315406,0.514027765374911,0.550759184159827,0.572105872514905,0.53815537811282,0.615740577203732,0.657204262558569,0.714666394995473,0.729995008973539,0.736637414102805,0.736090685735297,0.737590148311041,0.728021607923101,0.743436425303349,0.766467698309721,1,0.714095335645057,0.700103780512401,0.648716917118683,0.642190041190849,0.642604696567485,0.61401964997862,0.497856429144175,0.545574848833513,0.602979865469649,0.557020885532772,0.550921767867715,0.534224205012887,0.563630559694322,0.493561313818002,0.541658325569217,0.525967940270968,0.455304270069388,0.527451006615676,0.454881626174551,0.422921359243022,0.515116691023107,0.385569705615876,0.471539398281439,0.440153926029539,0.530009386271278,0.523100872037353,0.441323296724876,0.366413240996568,0.384686983375081,0.318685874094362,0.298173849759866,0.437282967495221,0.513618737680876,0.503184373980972,0.450448000005455,0.456465950804832,0.268750160614319,0.427410873059313,0.442685013633166,0.430214333056498,0.387088542784145,0.391216750108031,0.409384205125232,0.475556609279334,0.407199382946527,0.392117512274921,0.454874819764188,0.397665551052469,0.437922539377645,0.42489737936326,0.448096173342235,0.369481376702906,0.439717344539935,0.338624860784718,0.300951632864035,0.198157624781401,0.151911739744732,0.196421158976632,0.484175242028513,0.406031055648008,0.400146199676732
"19",0.553174750506814,0.574132389856857,0.542370423154396,0.55894974297427,0.594085735290125,0.608160306045577,0.556879590807232,0.654387057490476,0.721217243018876,0.733542713786173,0.750972155067647,0.740829223399973,0.760059412275101,0.669359986560219,0.695972393552382,0.746659872546942,0.742551003719279,0.714095335645057,1,0.804531962595599,0.760117225644071,0.759154062253425,0.749371484425881,0.728793228862901,0.623903724628441,0.665135531277265,0.680781655790732,0.650533433767035,0.561246063329733,0.57387540499837,0.543497857449499,0.49010942838535,0.491491080636416,0.515467441065604,0.493944046895698,0.52874950982014,0.444581393055448,0.416663875620085,0.547394615185229,0.420216789683592,0.463934914204441,0.479372172687794,0.526478255714089,0.51035553897942,0.440115534802949,0.365962231788956,0.402240238629596,0.310565682669251,0.286766818318366,0.430893713807389,0.515216699430907,0.547263875555489,0.529044241097054,0.515732915227642,0.33660799187894,0.455129717446983,0.474626939630975,0.434582565837156,0.406346086211728,0.471698654913446,0.407256851162961,0.512430486311038,0.450801514656166,0.405181985252769,0.527336020872082,0.471144975962676,0.456145606453143,0.455930534718175,0.489418118810474,0.390434310611528,0.438722643006306,0.34873073520777,0.337400946996184,0.175475269714377,0.162072392695646,0.210620788606459,0.459092437561126,0.489455523112385,0.476665432652219
"20",0.623724841944614,0.618831873526826,0.593250642962976,0.595433520537899,0.64400237033467,0.68241820124565,0.632444541090732,0.689345288647183,0.737562774408892,0.742484751926584,0.759058503858927,0.729168557507289,0.720946185663313,0.633014453709179,0.661330771098294,0.710791539553485,0.721689242216952,0.700103780512401,0.804531962595599,1,0.810018495873843,0.814663344158909,0.796727332843422,0.722239867284195,0.586291332987661,0.647328750734142,0.647849455675751,0.597722211379553,0.533621181225244,0.546727652539406,0.505758777464609,0.481770568270099,0.514184015071617,0.499731001524863,0.455413558689086,0.530959602628548,0.455853579199307,0.417058701371554,0.545947207364219,0.449264734600606,0.496759946899484,0.470534805757268,0.500794407391898,0.552403104095513,0.471622133874595,0.383797938966502,0.411067482636874,0.319535557133609,0.30099989608259,0.456271966939014,0.519626755196284,0.50515238932371,0.485447222476702,0.480577885115102,0.29028739186706,0.431077885472596,0.462694350375617,0.441853523176636,0.403830552942464,0.438434043299328,0.395681881587472,0.529893826274514,0.45567497650212,0.39951394882733,0.507401618583434,0.448071570805515,0.455469711774905,0.493786413499684,0.508565474516991,0.404175869400861,0.45300483294902,0.370318830488938,0.319920823241517,0.160974168222016,0.148017719935246,0.234856553223963,0.551451451970285,0.461208048521236,0.449706221973824
"21",0.568716980131055,0.586492548300611,0.542444694888364,0.544008387427309,0.595923062266065,0.615520599778337,0.567750454722091,0.646462340602808,0.715953224502366,0.71878033309157,0.727544095319308,0.712147861545019,0.764321929743952,0.658443152112353,0.65366725971343,0.729385714885446,0.705973449296526,0.648716917118683,0.760117225644071,0.810018495873843,1,0.907213509096762,0.885468213175958,0.83823814223523,0.721053591557811,0.72914883754884,0.728166656209356,0.673172102768137,0.504623629501349,0.478105229399402,0.470535417112498,0.431555384453355,0.451947176870659,0.466822417990577,0.455165840997953,0.52442702199862,0.419511215074036,0.409024788412515,0.508461573161983,0.428842661810531,0.448193270652357,0.427691300382846,0.475155197366813,0.444534951720106,0.409627117121007,0.343083915158349,0.389134456277802,0.277954432548688,0.262394082249821,0.397857238173063,0.452378376354331,0.479450235834087,0.420168501993044,0.433004611652088,0.268675741990143,0.415375509130374,0.438616634437919,0.414507698308287,0.405926751887434,0.465384178000777,0.397158496809808,0.478200966925413,0.441760631959823,0.336396223045389,0.52097547795397,0.487362156074025,0.456518579538613,0.492593924544919,0.501057798988207,0.384632345835764,0.407901464194588,0.329175802651268,0.393387355981489,0.163465279595886,0.135991349201428,0.233418410970029,0.487618912695948,0.385462938015454,0.386374149531986
"22",0.604375257340725,0.616830179246923,0.568167093083854,0.56894323375021,0.626940114031964,0.629882071432383,0.568855742680341,0.651309609388806,0.724656017801856,0.726506971666751,0.729477775501168,0.712629766202792,0.760031674704669,0.634943402485947,0.64406536829106,0.725217226213275,0.70861223808248,0.642190041190849,0.759154062253425,0.814663344158909,0.907213509096762,1,0.908237992043201,0.868917239973127,0.763409065861044,0.75890937112372,0.730956265132253,0.679709155211199,0.494677876461836,0.482271268508695,0.461020510558689,0.422209904785585,0.426918912931969,0.459994122556248,0.430808682661725,0.495678385084017,0.39412128696261,0.366344227358682,0.493441374646573,0.435203062985611,0.445135916295419,0.429942636404609,0.448029628893431,0.432781445799576,0.392242668092708,0.319321045350475,0.352729202163114,0.263929066051132,0.248595040690957,0.375129898453908,0.437086025785477,0.441142640493427,0.411467250372335,0.394914207437245,0.252032465395802,0.409886881983904,0.431983656188506,0.412898365317097,0.412322008684006,0.465175475524007,0.37483755756812,0.479132373413147,0.437162461192781,0.333096614664948,0.514665776516579,0.465259655058585,0.434692414762182,0.491155570393924,0.48585431215035,0.367874697619443,0.401852117622978,0.322399704823922,0.353165789316001,0.16324746934024,0.131040880240007,0.18092485432806,0.468335988356249,0.383250221571315,0.391215525549514
"23",0.600514847159906,0.617919487839493,0.58057440483554,0.585236762343545,0.628424343146407,0.654640715159296,0.607069129875576,0.687760995139711,0.747153270237282,0.749712354143739,0.745877039761307,0.733082301977829,0.794661409240571,0.68487863611505,0.687929925073751,0.735348501192749,0.714829923919803,0.642604696567485,0.749371484425881,0.796727332843422,0.885468213175958,0.908237992043201,1,0.894588025731981,0.769077108514278,0.761799639377666,0.746294567789289,0.700075359406221,0.518438497252342,0.499766964092571,0.47450661458179,0.429423823192557,0.439068964170997,0.475630746998843,0.449798877929139,0.501649764467406,0.387541832487254,0.385417952780821,0.48887308030143,0.437735100181789,0.460836478000252,0.432501191709781,0.45385096132588,0.438455204410312,0.381939569291166,0.32347376710455,0.346072617021926,0.256314664356801,0.243947676544454,0.374402585757261,0.425091983502461,0.465686371845885,0.425366478999966,0.415948753321799,0.270452955777686,0.399101493921485,0.413275037248327,0.389031280505637,0.409807316650126,0.482079833731006,0.362834718550092,0.458630144682035,0.425908326586201,0.3292994404556,0.510838709361121,0.467413829316012,0.426444136780352,0.482260988437282,0.50029929460377,0.378247746218273,0.387302328217735,0.322965108574228,0.346149201672366,0.179810822029072,0.144603761487969,0.213459086194135,0.469338029544275,0.385198761463818,0.378316215949381
"24",0.548072564299029,0.581427381352159,0.525977410747934,0.528662623131327,0.576554889569091,0.583858273171175,0.53751747703377,0.634706550615004,0.710714847609277,0.710606764037858,0.709780980094562,0.724544903474225,0.783304749854697,0.672478468429896,0.694309719116831,0.737748588810213,0.700373366572643,0.61401964997862,0.728793228862901,0.722239867284195,0.83823814223523,0.868917239973127,0.894588025731981,1,0.79674660387012,0.771421481593764,0.749282967511057,0.712068457910242,0.520065211290153,0.484489441852496,0.44367987406309,0.411952565769084,0.414735360587426,0.464609143216753,0.418398956890291,0.486384393512058,0.370943446837596,0.359442918633874,0.479230850291053,0.415221678975133,0.423079475539297,0.417804482847983,0.443784803864169,0.421112165347392,0.366529016546534,0.296543203716984,0.332976049361249,0.249836108093864,0.235963141930078,0.354519145221688,0.396215462009836,0.452762141666055,0.401620101039857,0.384913064106639,0.256963184482313,0.396513125340208,0.407198920542847,0.374154751750499,0.400424694599065,0.466251164702777,0.350746091702898,0.444287935820555,0.418706323433276,0.32284083204627,0.481870425708274,0.450505712013841,0.408393478015459,0.45804521857779,0.478683823301496,0.362602983490042,0.381018013388851,0.296904219915132,0.31454177835028,0.159263157252133,0.119364884914454,0.175772794614676,0.403117510756824,0.353507331728881,0.346744485834365
"25",0.466833784955108,0.508015895079966,0.465121837646902,0.474388264715872,0.517541645685321,0.495882586276848,0.458631822562325,0.532890182634678,0.607296679741994,0.588144896825613,0.563807298713441,0.57850716272156,0.641072986012869,0.514112231860519,0.558874406451176,0.605856259424733,0.605902163563503,0.497856429144175,0.623903724628441,0.586291332987661,0.721053591557811,0.763409065861044,0.769077108514278,0.79674660387012,1,0.831802984843001,0.717074689752544,0.683564045952541,0.44312468347561,0.379979531327917,0.370744635271205,0.321363150151646,0.319767731175045,0.364024885106274,0.354364753646779,0.368533108212056,0.274058145757148,0.281464381310057,0.370020378340792,0.3459505371819,0.371485646072316,0.348162571272147,0.356601227707934,0.295462449698551,0.24856669177542,0.214027778982895,0.24334631192117,0.18125094083589,0.174695237030535,0.286726617177408,0.285730245170102,0.32658973571344,0.292528092715901,0.273708859462122,0.197523416422935,0.325495570931941,0.316505878560479,0.280363371707534,0.311511083688285,0.407392786526413,0.266585039437475,0.356147502344897,0.325301817178935,0.223857411302946,0.432500434368668,0.393040362798423,0.324541634477481,0.364162056439278,0.377166594692431,0.298237824606572,0.25845507111285,0.215798621282306,0.291676195130133,0.149851593272898,0.0974550534204662,0.126883983803223,0.27319750214103,0.259447138791438,0.244544693651551
"26",0.508393020254928,0.542589446512806,0.487045730406279,0.506453107051084,0.548694487300611,0.521880700924838,0.471987498361024,0.571952545388637,0.633971920889023,0.607666378643321,0.57524582319637,0.598592794002197,0.669466423826154,0.579377453141822,0.601641203190729,0.640880665251202,0.64705867381777,0.545574848833513,0.665135531277265,0.647328750734142,0.72914883754884,0.75890937112372,0.761799639377666,0.771421481593764,0.831802984843001,1,0.789013043152517,0.771065360933517,0.57147142042862,0.472437592924982,0.467061948481877,0.430031467450625,0.386264884253904,0.439438480537204,0.422836419467391,0.435561270119348,0.333817103931846,0.354922022560836,0.464339106405314,0.426706331070134,0.440720055595548,0.430206717986009,0.423584415131104,0.383885774172722,0.321585374340054,0.276277638915697,0.297933301777695,0.256510922757082,0.255959168857183,0.38929241560176,0.38045725829965,0.434529867143378,0.391896992079431,0.360470790450307,0.257137355219097,0.368308002788127,0.351725381237474,0.320231428178745,0.390317001667703,0.462125033969291,0.327983655179356,0.407260697305922,0.376363642808992,0.28241447632376,0.498865396489869,0.468358707915544,0.402661395488897,0.420860987751381,0.433262403535059,0.359829718189271,0.292390396490524,0.272461423929229,0.324849065852972,0.16071660468655,0.106690591668733,0.162532358612687,0.35206364325429,0.333688706797281,0.313428243594475
"27",0.561651338900854,0.596223053675564,0.543224442782867,0.553511101404652,0.596786656581046,0.579422258134269,0.543027066757306,0.645777635288656,0.690513413946082,0.670440561378753,0.650059477339225,0.660568527330334,0.716257363708738,0.619802512569706,0.654113464690979,0.669878487677043,0.668616405542784,0.602979865469649,0.680781655790732,0.647849455675751,0.728166656209356,0.730956265132253,0.746294567789289,0.749282967511057,0.717074689752544,0.789013043152517,1,0.816673125570247,0.634817466612896,0.531964575647527,0.512860340259369,0.460700848413793,0.447064459017973,0.477022827030118,0.466052703803601,0.478001403858059,0.382154570107922,0.405898096867784,0.510085952196361,0.463970996484582,0.525267427060653,0.465494903155799,0.50196891885028,0.519475382179309,0.370843916722807,0.341496725388137,0.342553840808716,0.273902895614293,0.288658941819438,0.397082284791527,0.415480577122268,0.494247902913424,0.431542966455192,0.409408815394298,0.279668170121811,0.381036211588441,0.384209094019946,0.364819667193683,0.425665060204298,0.470384783170097,0.374985179545783,0.447636246805056,0.419374838008237,0.336898204795382,0.524844882798134,0.506313296394487,0.453006611239373,0.4610858913425,0.474038509570503,0.391132731762881,0.352016890183964,0.313419162360997,0.35882448464982,0.198832274419364,0.155657945026753,0.214933571193284,0.3945602228313,0.356324595667451,0.34506832559939
"28",0.476722018373806,0.510435288189002,0.475406522235165,0.488102680952835,0.534033250290527,0.50381810500165,0.472816994279256,0.570890424750011,0.624508157036547,0.600462668338321,0.593089247002947,0.60511719717818,0.664751229425408,0.610404496904888,0.613768716263934,0.626226724999555,0.620989621902868,0.557020885532772,0.650533433767035,0.597722211379554,0.673172102768137,0.679709155211199,0.700075359406221,0.712068457910242,0.683564045952541,0.771065360933517,0.816673125570247,1,0.667758104498008,0.57372897528829,0.536171055261686,0.479035853918777,0.414470220519581,0.468529554107992,0.437540894532111,0.453696051761514,0.361367201304508,0.396576965546799,0.488944569709047,0.436120723292352,0.508289106931849,0.459580269780651,0.489675462703734,0.475363334763139,0.374465469577567,0.364288587014028,0.357067254931069,0.290273060924651,0.298587955787373,0.433967301643754,0.423682967852917,0.488774729557153,0.43041154482454,0.417994929878114,0.283551433198219,0.370157454285419,0.404718272875828,0.364951942119926,0.40842686603194,0.477913817818539,0.354217330022509,0.453932228089102,0.414076985657708,0.33702167030126,0.505679983965534,0.498765363535541,0.454813392988017,0.46696618316665,0.48742980977074,0.401659718162174,0.34741431894842,0.319952110308119,0.34346378531893,0.166922770578547,0.148030606488647,0.223407503447657,0.37617088022191,0.338679803592474,0.336809539411869
