"","V1","V2","V3","V4","V5","V6","V7","V8","V9","V10","V11","V12","V13","V14","V15","V16","V17","V18","V19","V20","V21","V22","V23","V24","V25","V26","V27","V28","V29","V30","V31","V32","V33","V34","V35","V36","V37","V38","V39","V40","V41","V42","V43","V44","V45","V46","V47","V48","V49","V50","V51","V52","V53","V54","V55","V56","V57","V58","V59","V60","V61","V62","V63","V64","V65","V66","V67","V68","V69","V70","V71","V72","V73","V74","V75","V76","V77","V78","V79"
"1",1,0.640478902025792,0.302063193866502,0.206270800348774,0.25584427172279,0.123363392164026,0.130547541265923,0.116180463093682,0.108962381265288,0.0993121480766822,0.112634068429014,0.104579327905866,0.134432774416999,0.106733368464189,0.124781708064723,0.116924958739881,0.0992826744639881,0.115320559853652,0.104803973665502,0.131879184371787,0.110750211681781,0.11044529709501,0.102815324963046,0.0938330095205708,0.087565057293792,0.112736706291699,0.0978732053978173,0.107814138757391,0.109904963131781,0.101111922658333,0.0974256566525737,0.0830388992420691,0.14125483984448,0.113561761632341,0.137843021251532,0.162470617448474,0.143009485680287,0.180250988711116,0.1580000041401,0.151025416515439,0.116009074164711,0.200843240885755,0.245081049206484,0.174290087728617,0.201299934536606,0.174984284093678,0.153846111288258,0.163816446046523,0.157914459875186,0.14591420715858,0.144956686462308,0.20281896298038,0.198822292391053,0.193275309954167,0.274812159270497,0.242740181947444,0.196099019442837,0.268032771483172,0.287093132496352,0.271021022361948,0.308815707742831,0.267948146351858,0.285009423100069,0.258156248300794,0.301551394317349,0.256946941291449,0.273596021613229,0.279392137880994,0.284624450284207,0.306166954938116,0.277247315537213,0.267349554353112,0.241166033936038,0.222775761884601,0.188131716444928,0.0899849708623788,0.151863750417427,0.287009670867117,0.344065522912465
"2",0.640478902025792,1,0.808884694807756,0.715870910985139,0.709512758295451,0.435370064892069,0.473043389755117,0.368895447724023,0.271654620011748,0.298987134298676,0.385385871582672,0.235870067678041,0.329958960056555,0.231646773372889,0.220012181346935,0.208611780001354,0.18747044910684,0.202930121996529,0.182258901440758,0.212789684098704,0.206054688620383,0.2118199851226,0.195325957644256,0.203157831915303,0.194591122849169,0.209269439714596,0.198192081515451,0.194970160922098,0.206521127822048,0.186802713108981,0.172557456835181,0.159448816656175,0.201958334477575,0.192725650088897,0.203314415469988,0.23224154671317,0.187669820952744,0.23977603109013,0.238831248682421,0.253218338904629,0.206343407105033,0.264461772856795,0.276177801549519,0.226544087931245,0.249819013559458,0.223262626731813,0.248280788681513,0.242964456884951,0.226415713765847,0.249889647996014,0.250905809734618,0.27135819922943,0.263045713725314,0.244663482656062,0.260409328205478,0.224727571245844,0.202296531187892,0.196563682427204,0.200472997453563,0.213868041449706,0.215227211960824,0.23159522111814,0.285064167462081,0.217039786792461,0.228979187713466,0.226367608119605,0.215497664187682,0.202702464139582,0.216786230036827,0.25815016434987,0.221632569114796,0.218426492371149,0.24438146768227,0.271003056948963,0.228663178272627,0.101072124523718,0.196607463878577,0.129462082062898,0.161665398754436
"3",0.302063193866502,0.808884694807756,1,0.934396776181773,0.89128991034039,0.597729732235309,0.632006144648459,0.501064368198972,0.382431309259011,0.414372092634944,0.507773502843624,0.327822890773874,0.423108659062331,0.311605261823156,0.302460086781035,0.282245255489832,0.263212468734457,0.276229330467944,0.24102855411428,0.28684700502932,0.274877082019825,0.276048575018099,0.257623029031682,0.249327832942495,0.250848662650966,0.257555503797686,0.248356109506059,0.235570208730388,0.258951990245389,0.242553449564919,0.218821490223771,0.217277554850358,0.243480453310768,0.219518210708503,0.239350241699283,0.265631976979365,0.203412886327887,0.243660285725759,0.256409204905616,0.2640911369678,0.223765597367684,0.273842966723121,0.283285382414349,0.247234766700791,0.257834105774892,0.227694067335054,0.223662056760256,0.218681291882757,0.228766785524689,0.231211317691434,0.242059727309059,0.244963272017754,0.255196728832455,0.253236784478769,0.253191841404789,0.232742359149663,0.20803621283307,0.179187950196853,0.18518526183089,0.216070214007398,0.208478595106512,0.22458656650616,0.282095945663223,0.229450642340097,0.228166539092626,0.248312548934279,0.226833671064341,0.206979769431833,0.217430230546326,0.256220080105748,0.236186550510324,0.22568175650157,0.255653111507295,0.291958778429473,0.24570303097774,0.102966350009986,0.206138053756058,0.118580580964296,0.143911734810288
"4",0.206270800348774,0.715870910985139,0.934396776181773,1,0.930175268113468,0.624226418907411,0.658456355865929,0.510193532990327,0.382962862433133,0.409534229429893,0.495349311933454,0.310810518818772,0.39639057287374,0.297656897107826,0.282863197348203,0.263206473114508,0.25045312501117,0.251393868540783,0.22702918071652,0.267132050173475,0.261408512289326,0.263468290090474,0.24437356608919,0.239834033823719,0.238122005716509,0.249061934744213,0.241484969739748,0.230910012114775,0.252460266584375,0.23761596189585,0.218116925603405,0.218204088968014,0.239540983407382,0.223555330308278,0.244139362278057,0.265125999504268,0.204139221577653,0.24169934319273,0.252157157700621,0.258950995986466,0.212694350424308,0.269570635297882,0.277771686942806,0.243812652775128,0.247609328544927,0.216920899303927,0.215324444216481,0.208878931374164,0.216580871626263,0.216071632915152,0.226047726704606,0.239954818062026,0.255718107833655,0.25314164682098,0.243510966823915,0.235646436926911,0.203859999062847,0.172278701527202,0.179696917495728,0.195491415142448,0.198944376574574,0.217735427813782,0.274667758662477,0.211341017685085,0.223297825979787,0.222810401476261,0.211019955567179,0.194336238684272,0.209511037555319,0.248916066605405,0.227618962255858,0.217542615060339,0.261548466481355,0.31105516882877,0.261864562918344,0.110834288788909,0.202532212461231,0.1217257477377,0.142728050960862
"5",0.25584427172279,0.709512758295451,0.89128991034039,0.930175268113468,1,0.647808854429816,0.673811608723567,0.519846572024668,0.389624855626237,0.411682058171626,0.495040251304928,0.334879357128953,0.414478141974978,0.318957275205596,0.308217489715444,0.299993348184194,0.278157029132428,0.279669825403317,0.25209605631282,0.28980871989145,0.285564251442251,0.288430612359146,0.2712677382753,0.26274104649376,0.259272684873453,0.272976340846978,0.26980876909195,0.261914543018526,0.279151786121056,0.260442067931278,0.247115764289415,0.242716465563904,0.256109932399917,0.234347100340959,0.256177803816261,0.266761857788579,0.213714541435946,0.246386260222835,0.269062479215718,0.264132170136186,0.225701500387698,0.281672474092438,0.290094041998562,0.254247836874738,0.255366578154469,0.23744499281236,0.232710911184229,0.222213791619637,0.229400841359238,0.230126680030155,0.232898055533012,0.261014508480879,0.259924750128911,0.260558744103501,0.249407691507293,0.238842576191073,0.204825884693178,0.17242695379995,0.183423735406397,0.209527624990518,0.202028045990111,0.222074724086899,0.290640782955212,0.210100253417097,0.234510725672102,0.225611134466911,0.212683848441019,0.207085893811703,0.214783687039307,0.242186334636192,0.22764919093496,0.223099573214909,0.245439748059062,0.290646901627249,0.221449909890047,0.107174254668734,0.19739600937104,0.117157378598062,0.14559338749731
"6",0.123363392164026,0.435370064892069,0.597729732235309,0.624226418907411,0.647808854429816,1,0.958298587824276,0.892323558877282,0.799308311191859,0.744706676365547,0.718481145095656,0.671347724330718,0.687999255569567,0.655369936172889,0.655115390847442,0.581089347334287,0.624601478075464,0.588911899304327,0.561585098713873,0.646368476924486,0.645383308958123,0.642640013516281,0.643438599954053,0.586502200835846,0.597503222733368,0.572925259070616,0.585152296338174,0.584452501965104,0.580939014947988,0.58125522330244,0.563090410274234,0.620723551251803,0.58004543683975,0.491419270898104,0.54690847317725,0.515814925803724,0.46563663552599,0.491910669008276,0.532690449498292,0.48470602705989,0.473019833452904,0.508021548796817,0.47799434331876,0.475586959311508,0.429017194765785,0.432995447198984,0.396450930048627,0.328858328800976,0.364397311638792,0.375031178086441,0.357130840537172,0.371495059688341,0.375242359503739,0.413623063405369,0.337004052934719,0.385752709164487,0.326314379120419,0.281206733287035,0.274447924980922,0.260429312863611,0.253532590810528,0.329010321906559,0.288181001264968,0.211753944481449,0.269726964622604,0.264800757951294,0.263454339170231,0.271592136428646,0.290219652581837,0.280575869378307,0.289173636752614,0.340681066902267,0.286104621567883,0.265556643647435,0.200756632162558,0.194041084154718,0.251102105333152,0.181567014895688,0.189403583525674
"7",0.130547541265923,0.473043389755117,0.632006144648459,0.658456355865929,0.673811608723567,0.958298587824276,1,0.908792272173713,0.79156460149765,0.740083601561675,0.729080299828096,0.649164935012203,0.693565040997788,0.634778783994876,0.634394538445228,0.561081535587883,0.599147383414603,0.562251521658141,0.536315449322427,0.613075011275096,0.613763081138051,0.604830813653913,0.607853162536993,0.55598787283397,0.558499864545004,0.549194688092934,0.563273563157327,0.560665621396446,0.55472617955102,0.553423991302587,0.536144328613681,0.584465440520759,0.556797372881394,0.472026108005939,0.533299916502784,0.495981266952307,0.456077881951097,0.481486166491532,0.517705581901436,0.465772227896791,0.463948362698343,0.4860301747389,0.465111440430912,0.459944128701852,0.421179454894597,0.426924561806181,0.38278020922976,0.321229374884805,0.356261423935059,0.367172673903512,0.34664972654359,0.370250881529014,0.371422184264004,0.416157703783957,0.335830272808272,0.38028323966672,0.311331636048645,0.273067327105978,0.281983756189011,0.273481716860443,0.267832132565143,0.333748164197908,0.318329554286985,0.230243567610087,0.291151517895765,0.277124886070375,0.271549633938194,0.289541106544914,0.3076137822083,0.29833632520892,0.300970097957778,0.357948885680147,0.32167688793822,0.299000217784526,0.210100043067001,0.198185276186118,0.253175355563428,0.183264370125088,0.198309330495981
"8",0.116180463093682,0.368895447724023,0.501064368198972,0.510193532990327,0.519846572024668,0.892323558877282,0.908792272173713,1,0.918663223944547,0.864399175655061,0.80710595881962,0.772457938130768,0.789382271330803,0.749680592156041,0.761959814059631,0.683557318484923,0.73604242278402,0.685337932387305,0.665800100787845,0.727075251849265,0.737232789197648,0.720143697634236,0.732007065931936,0.667872667967979,0.673270668105652,0.645652159963137,0.66900720082204,0.669737499794758,0.658232836608275,0.66000368181066,0.647440732213616,0.713360071423258,0.660245324018687,0.562997181199481,0.622207229926956,0.557910520540376,0.531849533206919,0.540872242520171,0.588216825970651,0.515285611172511,0.535508844730292,0.536919035909425,0.507289607422804,0.502686399728526,0.448414758626677,0.457198237542756,0.411381566615848,0.329108942439536,0.38333241891596,0.386132508996813,0.37444459973596,0.402305118442607,0.394140268044064,0.454840986508615,0.344733941167892,0.388162676897681,0.323853741547229,0.287315089152107,0.302508067314918,0.282013854171685,0.277037448855792,0.358258623510347,0.290186780101974,0.223531780892299,0.285282817344558,0.267476225657095,0.259077626023687,0.293504614359318,0.304030851754182,0.297218782274499,0.301048959677443,0.375983552770409,0.339216679924165,0.291560043041957,0.206389757530503,0.220551193268241,0.25811202748305,0.187627391314445,0.202791256147395
"9",0.108962381265288,0.271654620011748,0.382431309259011,0.382962862433133,0.389624855626237,0.799308311191859,0.79156460149765,0.918663223944547,1,0.911331041993061,0.82793713611359,0.844235047139887,0.830468729085561,0.818856200192292,0.828722920660768,0.746166864113942,0.823315064279278,0.765953797609684,0.758200273961061,0.801497794798052,0.798095735078549,0.774105379743567,0.796686124703012,0.715202438963173,0.732235156011386,0.691853200240956,0.705927936958201,0.716644760934174,0.704075796909827,0.713482704781487,0.704558136317914,0.789759855125853,0.721505556813962,0.602634999375426,0.660513070910635,0.602546257649383,0.576890234385711,0.576009545540882,0.617419352780787,0.535827196810196,0.564053719093785,0.573754446293191,0.538092824092447,0.530666905579459,0.469607954776442,0.479682435909104,0.427722511449377,0.345366453075414,0.408374520097703,0.394435894545282,0.398635124225792,0.402370428338004,0.40748014856819,0.454478489881906,0.345532258080511,0.391333005244351,0.326067708304438,0.313736651907322,0.316173066347798,0.31010077587212,0.310322064940925,0.362148666597815,0.289591706100411,0.244362481123411,0.298164464383658,0.279251704440695,0.253508095579271,0.278623864859893,0.290221719592663,0.314911421911854,0.31292774780792,0.375397787741351,0.345392070071561,0.295639973554543,0.208884116913833,0.245566722400975,0.257744457038676,0.189474502202513,0.221033277846539
"10",0.0993121480766822,0.298987134298676,0.414372092634945,0.409534229429893,0.411682058171626,0.744706676365547,0.740083601561675,0.864399175655061,0.911331041993061,1,0.904421318045157,0.873927114820309,0.85903133433687,0.845134081834842,0.85831192378403,0.801932896128543,0.837441576923537,0.785934826355696,0.79603213746685,0.763586648151503,0.761852761473766,0.740220539416121,0.752235959738225,0.689246703794271,0.681365960042424,0.674030558814311,0.694272656317784,0.703103489982237,0.719511982657341,0.693794399859362,0.698998995045215,0.745475233715511,0.68286323621213,0.592375381186522,0.637455856017152,0.548349520824847,0.516377253076386,0.498194218149582,0.546188520319001,0.483210093876666,0.522177609217824,0.507741468494741,0.464578682162421,0.464391367991885,0.421589283618928,0.42781068107817,0.392200861510464,0.3119648861435,0.389473798250948,0.371249450853962,0.38036869519641,0.367463960070508,0.362679442868893,0.421299605467302,0.310246845571626,0.349294236827475,0.305042722514988,0.263423961304521,0.260615183351344,0.282295936129825,0.264774764599316,0.318701636090497,0.285314746021255,0.219471375241135,0.258263734192695,0.25307072820794,0.246552178188086,0.252554452404256,0.266021605585264,0.270034286529328,0.287004400109828,0.330979838030928,0.293254786833688,0.247915147155657,0.167334399123992,0.208001747315219,0.257207586572182,0.181116333027996,0.201059177383061
"11",0.112634068429015,0.385385871582672,0.507773502843624,0.495349311933454,0.495040251304928,0.718481145095656,0.729080299828096,0.80710595881962,0.82793713611359,0.904421318045157,1,0.925188115020941,0.915187289477209,0.88093167858726,0.866215419181966,0.829156115103911,0.848937109098417,0.802561217956252,0.829911807928934,0.775303097654883,0.746783158681071,0.726133170444958,0.745237024694202,0.681290691602005,0.681349227340156,0.671584556568251,0.692260771802568,0.696487334926118,0.720675574222077,0.695551833930679,0.700342621486758,0.732982696574448,0.681668124588905,0.579859505378571,0.62196555222126,0.529145596181755,0.503364482569435,0.470112116000549,0.52384110604047,0.480873936316501,0.504559505089795,0.486308779247729,0.458164119300668,0.452212584611917,0.419355912261972,0.415844183572234,0.379038117377655,0.316510223619541,0.392335485867293,0.364161196652088,0.365135271015416,0.362229986266162,0.347119017355569,0.402354164931988,0.319317542194224,0.337256375064929,0.304792443462115,0.257193471405573,0.239359447815289,0.277797856910979,0.263754584731382,0.312204310986503,0.303052021660044,0.213681244958176,0.25937181895214,0.260336342063722,0.252048309691455,0.248716120800663,0.263030322155291,0.272870993690536,0.276430473963462,0.316117091484927,0.286244115269257,0.251439709431599,0.213256862286588,0.193950943265038,0.242225558981818,0.170870176898906,0.196119100079757
"12",0.104579327905866,0.23587006767804,0.327822890773874,0.310810518818772,0.334879357128953,0.671347724330718,0.649164935012203,0.772457938130768,0.844235047139887,0.873927114820309,0.925188115020941,1,0.922745038853583,0.933634220716219,0.921424819581463,0.862897053867034,0.902737604794947,0.844106085610318,0.875193146665146,0.821626109854923,0.792565704879393,0.774693623486598,0.797590385574579,0.721027810901103,0.736897495157386,0.706379304861554,0.727512035884268,0.742318940074448,0.754738572146926,0.746611693595579,0.74912913453474,0.803187736793796,0.726311831933035,0.590697982696218,0.632140927824658,0.528583927538619,0.515720447497505,0.482225237178493,0.549054229684863,0.48459088191359,0.512466020605182,0.487998637340134,0.461903425559439,0.462037944462766,0.414726856324537,0.41114890541299,0.358910193123882,0.295471957325517,0.370812676585038,0.33683116777507,0.335009528117159,0.334599507995452,0.318540037651462,0.377763907299419,0.290791139128999,0.314572858724701,0.270809289223506,0.247268687519818,0.22418221132743,0.253142204350851,0.25123786422893,0.307951031639715,0.254542306387243,0.191031436336396,0.236849397087503,0.226029889668343,0.22330601293287,0.218643389079674,0.228178619386668,0.24807196238263,0.248835109437031,0.292735440777586,0.260288708192722,0.220853612795825,0.172014725462311,0.186386029417249,0.194931342365152,0.151127527046358,0.183299113652115
"13",0.134432774416999,0.329958960056555,0.423108659062331,0.39639057287374,0.414478141974978,0.687999255569567,0.693565040997788,0.789382271330803,0.830468729085561,0.85903133433687,0.915187289477209,0.922745038853583,1,0.909472542939635,0.892707348006826,0.846284804229766,0.874800535295359,0.811268885136266,0.823866878547283,0.788946298757539,0.76361237204257,0.738003567658571,0.754931798775083,0.694765655274899,0.690759211828076,0.692542237666556,0.712745672111618,0.716220393503491,0.72831715836422,0.717667133702793,0.719942381126503,0.751070252163868,0.7042867888786,0.580034764915086,0.623495097592204,0.534943898638965,0.514790137614346,0.502857496816527,0.551882421441768,0.497560966858738,0.524594824282765,0.498035701355266,0.471160664578772,0.46981537075067,0.436366636542089,0.431126570643879,0.380848137622815,0.324066276141252,0.403280219625393,0.366729378052012,0.368034753476383,0.36677471731212,0.347846693294028,0.407304751287035,0.320567793670791,0.347211538981042,0.298526481489768,0.278838936453347,0.26082411536401,0.291261179550527,0.283041466928688,0.333258087006265,0.307831626329277,0.232508708015331,0.300320469113303,0.261556715557886,0.265542489288,0.255646735786027,0.266170684910791,0.289889875138326,0.293827677985353,0.33891038411533,0.303395828290276,0.259243526179902,0.169894611465589,0.216829992071387,0.21961518764418,0.182714576728063,0.223564964185253
"14",0.106733368464189,0.231646773372889,0.311605261823156,0.297656897107826,0.318957275205596,0.655369936172889,0.634778783994876,0.749680592156041,0.818856200192292,0.845134081834842,0.88093167858726,0.933634220716219,0.909472542939634,1,0.941519974107147,0.87842853992581,0.910538363448867,0.850369610835336,0.855385413495986,0.815180438070904,0.784680756412302,0.764845641790866,0.788217157144495,0.717092587097526,0.725787894286841,0.701240002766525,0.720105440843467,0.733538766988833,0.741949758914905,0.738269944321408,0.739559936273161,0.780238385831681,0.71382619587826,0.578098679910565,0.626128368903937,0.506864508841232,0.503500814768975,0.484305160546807,0.544014996310651,0.48807099713096,0.521926589616371,0.487044030333454,0.457579217973112,0.460527827293758,0.41925919557547,0.428027547144202,0.381604435441866,0.316502658375103,0.380890926666166,0.352756452001156,0.340423846298407,0.341235682530262,0.319843402982145,0.376428020567577,0.288987656125971,0.319092268091561,0.274089348314603,0.242074118209772,0.213703375007765,0.263318229081401,0.247845313708239,0.320829955039564,0.263897229253413,0.191618732149186,0.250951099825328,0.210246852073638,0.226652937482956,0.214771433322663,0.228011412968122,0.250964887481544,0.249496384307043,0.280435535690657,0.264673464287738,0.231129620861912,0.166074330359882,0.200979887133766,0.203813063988581,0.153260397788088,0.189871464980887
"15",0.124781708064723,0.220012181346935,0.302460086781035,0.282863197348203,0.308217489715444,0.655115390847442,0.634394538445228,0.761959814059631,0.828722920660768,0.85831192378403,0.866215419181966,0.921424819581463,0.892707348006826,0.941519974107147,1,0.899971881389233,0.906575266274082,0.858718234144469,0.852935838063637,0.827834460397138,0.804899818166932,0.783447570132746,0.794128506749561,0.725558210427438,0.728062064868641,0.700003102627952,0.721543981317777,0.7329201074025,0.744366638834158,0.735187266611755,0.732226494165168,0.77233690612751,0.723087791510314,0.580147157519835,0.627682470186192,0.528103299631651,0.515490754820358,0.489300306824214,0.551553326062207,0.488020736547049,0.539663456969995,0.506553449224189,0.4743372420847,0.470693524559897,0.426658901252922,0.435347084009345,0.389298575057631,0.316899695265863,0.397496041867695,0.371975951872368,0.36630380725681,0.36032792337696,0.34262017183484,0.400441029622886,0.316981182197087,0.341970034004535,0.306421952978327,0.267803741209066,0.2401415105095,0.290809932236569,0.280671504187973,0.350771346302051,0.289270159960351,0.229559153502678,0.267312398304976,0.262814082180575,0.263871974103822,0.252126402053172,0.255135044695358,0.283944818464688,0.287928374646372,0.314572970127762,0.278297952633419,0.249912546671102,0.178817284038169,0.206340950678213,0.242276626961487,0.170687778180088,0.206338908360188
"16",0.116924958739881,0.208611780001354,0.282245255489832,0.263206473114508,0.299993348184194,0.581089347334287,0.561081535587883,0.683557318484923,0.746166864113941,0.801932896128543,0.829156115103911,0.862897053867034,0.846284804229766,0.87842853992581,0.899971881389233,1,0.919798261831541,0.878343968771656,0.86842566665591,0.811819217088926,0.780900863802867,0.759342732468227,0.76410447330999,0.717922293217111,0.706134777793846,0.728500752388902,0.746600373072684,0.742252491772004,0.768592002323111,0.744814019100351,0.748998986048869,0.739961795989495,0.694664626755148,0.610064549722221,0.663594727579469,0.541999454043216,0.521369871885828,0.502029534688765,0.556110021379788,0.517531135273267,0.577308806542269,0.526194513282718,0.479158650745727,0.486614914607637,0.458913017960452,0.468448546042713,0.439158986787164,0.358195121507366,0.46305918936145,0.425059099016053,0.426569539994051,0.397598118340829,0.369897443336522,0.427645178015946,0.336461218116245,0.342028154118898,0.319572672910606,0.250450852744849,0.232267077196668,0.285805908500529,0.263152947216814,0.316890174686413,0.279763899212711,0.205429457801169,0.254281336773334,0.24890454657097,0.247120332106404,0.235216775599109,0.241266950482133,0.263210560332232,0.273873433329286,0.295844737214037,0.254408015051195,0.228785468949638,0.147178159534388,0.192536676145381,0.226370786142187,0.167055782241803,0.199606860627438
"17",0.0992826744639881,0.18747044910684,0.263212468734458,0.25045312501117,0.278157029132428,0.624601478075464,0.599147383414603,0.73604242278402,0.823315064279278,0.837441576923537,0.848937109098417,0.902737604794947,0.874800535295359,0.910538363448867,0.906575266274082,0.919798261831541,1,0.917300527608215,0.906188577790308,0.860304844548668,0.827824346717087,0.802828441463375,0.81980777224323,0.757944806559569,0.759639578697798,0.765253565796778,0.78288854000826,0.791425847337095,0.800087829497142,0.797333354165668,0.800747193020711,0.819090580765714,0.753793893469163,0.643333467886211,0.704857376230215,0.577527836139269,0.574337569656944,0.543504536232535,0.601329524285475,0.544015981599161,0.602872026410956,0.545240858652759,0.500306215677407,0.520153294610229,0.470144079455517,0.48014652786055,0.43726691685432,0.350404984784369,0.457956241815719,0.404629473570014,0.407761804143243,0.402254921474132,0.372782019832509,0.438612034828826,0.323693672363451,0.346144249063839,0.312400777509392,0.263614072081389,0.240364098036445,0.275965013901044,0.26509688798807,0.328024870281737,0.265238116094661,0.199888367282858,0.264059497717583,0.253674585342497,0.243226225438123,0.236618791185946,0.247120212161571,0.265122967664645,0.269974982494013,0.312048415121854,0.271704558210118,0.232455503267749,0.169477903319537,0.21007868616398,0.229403221541817,0.164742100345571,0.197249681203441
"18",0.115320559853652,0.202930121996529,0.276229330467944,0.251393868540783,0.279669825403317,0.588911899304327,0.562251521658141,0.685337932387305,0.765953797609684,0.785934826355696,0.802561217956252,0.844106085610318,0.811268885136266,0.850369610835336,0.858718234144469,0.878343968771656,0.917300527608215,1,0.900960332536728,0.849569417314008,0.819644842168332,0.799687435251816,0.815632640946419,0.758779519437265,0.769450340601054,0.77642485800578,0.786506655218918,0.789396640827391,0.805612672203747,0.802418495910276,0.795907152500137,0.801919436321877,0.754807905763068,0.673155759277983,0.689898758904322,0.609760986434258,0.591394690565141,0.561599302710924,0.623754317471569,0.570629257413335,0.632197685327195,0.586499188363265,0.557284797883326,0.566137413532834,0.523646523082971,0.533709445917214,0.495230227002835,0.407955228257193,0.50577506624774,0.456153023801351,0.462183212060705,0.451896251850161,0.437512323291995,0.490073684351056,0.396798989102384,0.401594741338557,0.370599593580091,0.294943261708029,0.265857912510674,0.313133825814838,0.296175178347237,0.344836449755752,0.303240136305636,0.255062715791493,0.288667799398414,0.314637300297419,0.303119752012806,0.285054149134441,0.297665294224923,0.316186936272505,0.311603971137909,0.347190092077301,0.299298697791752,0.278782422502136,0.211713517841111,0.229945938022596,0.268345557971863,0.192863858200984,0.214650288104061
"19",0.104803973665502,0.182258901440758,0.24102855411428,0.22702918071652,0.25209605631282,0.561585098713873,0.536315449322427,0.665800100787845,0.758200273961061,0.79603213746685,0.829911807928934,0.875193146665146,0.823866878547283,0.855385413495986,0.852935838063637,0.86842566665591,0.906188577790308,0.900960332536728,1,0.87809340468133,0.834831228002564,0.817954193586644,0.838877868518645,0.774493701030145,0.76859458872141,0.794933302914333,0.802245760132238,0.812251591649146,0.831985552026666,0.824503967418742,0.836547894980462,0.834098458439687,0.792870284878342,0.721090723238349,0.747858959742454,0.629943177179077,0.626633342915373,0.577503426826538,0.6323826318233,0.56960534880153,0.627904006200934,0.586871083017357,0.553752682825302,0.56017790011288,0.528285576516952,0.515350793018558,0.487670344382088,0.404690074980024,0.498093071510149,0.43130716836855,0.439994650247173,0.430765820994524,0.420500276884933,0.501321687596721,0.394378245014065,0.388963719055846,0.342348588255505,0.303303440871587,0.267841516044452,0.318655640144659,0.291798428411298,0.327682187365232,0.279815926686544,0.224801785363332,0.271090180738834,0.285054728756956,0.272862282523752,0.261297693871544,0.2876204373996,0.307270483717359,0.28944733797332,0.337456830026717,0.325442793574625,0.274067212190779,0.228492796769431,0.213341987295291,0.226845749969184,0.179131747107492,0.211196015153881
"20",0.131879184371787,0.212789684098704,0.28684700502932,0.267132050173475,0.28980871989145,0.646368476924486,0.613075011275096,0.727075251849265,0.801497794798052,0.763586648151503,0.775303097654883,0.821626109854923,0.788946298757539,0.815180438070904,0.827834460397138,0.811819217088926,0.860304844548668,0.849569417314008,0.87809340468133,1,0.931128945420495,0.902091143973114,0.90866583110187,0.838767909682697,0.832957565317814,0.822929486757855,0.81348221332222,0.809585943499181,0.823070874056843,0.828100309677147,0.822417337449858,0.83788396731668,0.825562201120127,0.729714508221475,0.787939199007077,0.739018975714117,0.69369389254592,0.676044904808764,0.727937703152531,0.633730720477666,0.662643163950215,0.694959109067188,0.678943679876886,0.655455367498358,0.603253253216666,0.595847046007225,0.555060945119041,0.482816823992918,0.548758387785935,0.490803637794257,0.4933281766898,0.490823836063123,0.495846916175369,0.572170413029308,0.46445961874643,0.474577510023112,0.419621860665439,0.405615622746952,0.37185841312517,0.391047488449382,0.374089491987217,0.423492693860898,0.339568847143803,0.2855623705988,0.351199307668546,0.363633713546031,0.340410058383683,0.343782001335529,0.365332382561748,0.39838565100351,0.372777653339541,0.423002554007276,0.400562038312859,0.344869890584331,0.301373863564633,0.281447044373315,0.288862983533008,0.234777615259989,0.256539527986507
"21",0.110750211681781,0.206054688620383,0.274877082019825,0.261408512289326,0.285564251442251,0.645383308958123,0.613763081138051,0.737232789197648,0.798095735078549,0.761852761473766,0.746783158681071,0.792565704879393,0.76361237204257,0.784680756412302,0.804899818166932,0.780900863802867,0.827824346717087,0.819644842168332,0.834831228002564,0.931128945420495,1,0.966871565771945,0.960611528038501,0.915170396802987,0.900435538408136,0.888505435370816,0.885362847383841,0.877581722307664,0.880735722621911,0.883167115963156,0.882728871159724,0.898087659987391,0.865959873251304,0.782606453721743,0.793121506033382,0.768168322964368,0.734028758930187,0.696617989815925,0.786357081677662,0.676425429737155,0.732814689949042,0.722135870202812,0.691645278889509,0.720330264233338,0.642729363065787,0.643883434102846,0.607504828419162,0.481492267182649,0.569290470894968,0.531339902800924,0.534946743374371,0.516053593169589,0.532086244199282,0.60035489429928,0.471859293452678,0.468738422577528,0.429079138760837,0.396656703133437,0.380365447435365,0.387877733218609,0.360529483569311,0.412256346554802,0.314744795166605,0.263969865856091,0.335357841085914,0.331770532059252,0.307550853242475,0.319981111814305,0.338183135202564,0.372893634984952,0.352852656351141,0.422055878663873,0.402501732634042,0.34287552676417,0.255405358148361,0.294817078829645,0.265497485882022,0.22662389478185,0.260202026251653
"22",0.11044529709501,0.2118199851226,0.276048575018099,0.263468290090474,0.288430612359146,0.642640013516281,0.604830813653913,0.720143697634236,0.774105379743567,0.740220539416121,0.726133170444958,0.774693623486598,0.738003567658571,0.764845641790866,0.783447570132746,0.759342732468227,0.802828441463375,0.799687435251816,0.817954193586644,0.902091143973114,0.966871565771945,1,0.979919931036691,0.945428395063687,0.927858562408576,0.904034421838319,0.898586870395118,0.88491267470045,0.896701046426087,0.887422676459029,0.883221980933097,0.898430014251338,0.873864450505616,0.797254910617496,0.778173627255316,0.773950013367547,0.737675068569714,0.70152152699803,0.797856963137508,0.683678976910053,0.72732548274552,0.735954651861159,0.712326046647729,0.743062251708112,0.666381468178096,0.676258407734018,0.640985004624096,0.523106867160574,0.602620223794264,0.561874720544203,0.548313325607789,0.529382474885245,0.555800812317972,0.612380501175961,0.498058975271367,0.485312265242256,0.450832689169531,0.396841670639414,0.378529739759827,0.387121884658481,0.355008501971386,0.396706928942106,0.298967233034676,0.252064624041647,0.322995597527129,0.321476721874493,0.298952011530023,0.308675934450373,0.333160493998487,0.36324630726322,0.345483978219837,0.410413215197913,0.393910708738905,0.339030683221608,0.260005171697342,0.277457319550231,0.244192702809097,0.223160655065573,0.250338823468565
"23",0.102815324963046,0.195325957644256,0.257623029031682,0.24437356608919,0.2712677382753,0.643438599954053,0.607853162536993,0.732007065931936,0.796686124703012,0.752235959738225,0.745237024694202,0.797590385574579,0.754931798775083,0.788217157144495,0.794128506749561,0.76410447330999,0.81980777224323,0.815632640946419,0.838877868518645,0.90866583110187,0.960611528038501,0.979919931036691,1,0.940499582701906,0.934554140474212,0.906867826538811,0.906548618259279,0.894861299399083,0.896385766990583,0.898630742615114,0.897099876676676,0.919032070717725,0.885314316434865,0.800602538533904,0.788572711818642,0.766580407498081,0.747652654976937,0.708844665375959,0.799022624106024,0.689599638993729,0.733896919010481,0.731290260686478,0.713464719584212,0.748060848956683,0.664566351435953,0.677772165391216,0.640603786365066,0.52928229059348,0.600451348448879,0.553596374256153,0.541916929167566,0.519614470878175,0.549479435623765,0.609002770099854,0.491209519909243,0.473090924683392,0.432528902573465,0.393219606234912,0.376352046462497,0.394693417716308,0.361672469581578,0.394867768637579,0.295183183613508,0.248119788816398,0.320784020914503,0.315314798197055,0.284992236716096,0.303459259113883,0.327835298867119,0.358351847138222,0.330630106531818,0.415473201634857,0.40216896582681,0.343459728651977,0.254146125344498,0.271082369767268,0.229140349326112,0.212619497669901,0.245709705426119
"24",0.0938330095205708,0.203157831915304,0.249327832942495,0.239834033823719,0.26274104649376,0.586502200835846,0.55598787283397,0.667872667967979,0.715202438963173,0.689246703794271,0.681290691602005,0.721027810901103,0.694765655274899,0.717092587097526,0.725558210427438,0.717922293217111,0.757944806559569,0.758779519437265,0.774493701030145,0.838767909682697,0.915170396802987,0.945428395063687,0.940499582701906,1,0.94230498783783,0.938828858750447,0.923329599947902,0.905400207899869,0.903703366981067,0.908276014167457,0.901536348132507,0.901619693191314,0.887184536600938,0.838292548948816,0.77241996981254,0.800517712412453,0.770958213933683,0.734261919640933,0.837247105280866,0.752682960356758,0.788800565225235,0.773795607020242,0.735932025760976,0.800026439881897,0.716828263090351,0.708753300678721,0.695801828162677,0.564358980362127,0.653629759948917,0.625592768127353,0.604116315114906,0.570562982067978,0.58597376274422,0.63459947064826,0.500829227003664,0.48859357206148,0.452580910212774,0.380222517878325,0.348670037493181,0.381833795308009,0.337751525989719,0.384127381480445,0.315608089338906,0.250406254666996,0.317952464492334,0.288618437681362,0.267524345245165,0.284383847743291,0.307614512270539,0.343372284894225,0.328937907187589,0.385547674998626,0.389242549047096,0.348985524174986,0.239869712138026,0.258191870972951,0.237922827267606,0.206507400595145,0.24392409318732
"25",0.087565057293792,0.194591122849169,0.250848662650966,0.238122005716509,0.259272684873453,0.597503222733368,0.558499864545004,0.673270668105653,0.732235156011386,0.681365960042424,0.681349227340156,0.736897495157386,0.690759211828076,0.725787894286841,0.728062064868641,0.706134777793846,0.759639578697798,0.769450340601054,0.76859458872141,0.832957565317814,0.900435538408136,0.927858562408576,0.934554140474212,0.94230498783783,1,0.896715239786026,0.891775690811821,0.874882859868006,0.872101369313568,0.886007384793431,0.871907790913628,0.896173257246899,0.860848936113489,0.795331230120877,0.7249867157475,0.74676991585381,0.724545747458875,0.686549520418059,0.788173141833416,0.713357618872248,0.755525328196527,0.730044141258421,0.700187692293971,0.757770633904749,0.677501195187345,0.677499634036366,0.650846231921192,0.545660891909979,0.622324485083652,0.592468720586498,0.568319873501977,0.542612617781415,0.5589628975345,0.588225838513191,0.480463905766932,0.461997843668453,0.438212146130919,0.345867586715561,0.311507989987489,0.361444705185715,0.315401831213145,0.367694811659581,0.272410091700111,0.242670867815961,0.279294794831058,0.281737867768811,0.259237492249618,0.255286007347848,0.28821903543542,0.315518835747332,0.289475918998955,0.354804778923604,0.356887179997534,0.318395492396549,0.231555187762651,0.250013345119592,0.220399886623725,0.183138588178078,0.216917942212913
"26",0.112736706291699,0.209269439714596,0.257555503797686,0.249061934744213,0.272976340846978,0.572925259070616,0.549194688092934,0.645652159963137,0.691853200240956,0.674030558814311,0.671584556568251,0.706379304861554,0.692542237666556,0.701240002766525,0.700003102627952,0.728500752388902,0.765253565796778,0.77642485800578,0.794933302914333,0.822929486757855,0.888505435370816,0.904034421838319,0.906867826538811,0.938828858750447,0.896715239786026,1,0.973416644294775,0.955441177066262,0.948471423779397,0.954307998551063,0.948422658900665,0.89780223848282,0.899773352349156,0.873684401377301,0.792368686555282,0.806026638670242,0.798997719472022,0.77896840934275,0.876982741592917,0.810648208068186,0.847365772504394,0.790951141956345,0.760285399271279,0.851300312105769,0.778189669217052,0.764831236281136,0.736860181650341,0.616214314322618,0.71570262838927,0.66824490475294,0.641871092908406,0.61416699588988,0.629444843732361,0.690407819335169,0.554721752109811,0.516748805786287,0.48020911267791,0.3959053303511,0.371224113869218,0.419089498781364,0.372509096499478,0.399533655792243,0.343394488161741,0.29477727558476,0.380477069931715,0.331186295329961,0.318525066835319,0.324402998840697,0.350590410035766,0.388257451154568,0.365932903242766,0.421335023340983,0.424675375166928,0.411103201153882,0.279594417855885,0.283760369899222,0.281118289546054,0.223517200011555,0.26449337427576
"27",0.0978732053978173,0.198192081515451,0.248356109506059,0.241484969739748,0.26980876909195,0.585152296338174,0.563273563157327,0.66900720082204,0.705927936958201,0.694272656317784,0.692260771802568,0.727512035884268,0.712745672111618,0.720105440843468,0.721543981317777,0.746600373072684,0.78288854000826,0.786506655218918,0.802245760132238,0.81348221332222,0.885362847383841,0.898586870395118,0.906548618259279,0.923329599947902,0.891775690811821,0.973416644294775,1,0.9761058242556,0.959005619075295,0.958733002495037,0.956037731392557,0.909364078741376,0.893927059545726,0.869723483041962,0.791278270621178,0.785540575105186,0.784291758322184,0.763478265993965,0.868365140134014,0.808193009347789,0.842572650968743,0.765689230952009,0.732375516750021,0.831576097018169,0.76120395494449,0.741745140685217,0.711977026061589,0.595868459869707,0.695109377739863,0.644476646710859,0.616324445831984,0.596619385003193,0.614452294332855,0.680746133811675,0.540282166722075,0.485421494498081,0.455515427960797,0.366736048457732,0.350740809248444,0.395117728945671,0.349750684830472,0.37093547352514,0.316879430504473,0.271140056377749,0.361450590219699,0.312802444999138,0.301077726039125,0.307871275741072,0.328664095730893,0.363249258790036,0.343883234918291,0.41040151393105,0.40244268325835,0.392061521994685,0.251739920517208,0.260013528956118,0.262223048369394,0.200907714994481,0.242297001925424
"28",0.107814138757391,0.194970160922098,0.235570208730388,0.230910012114775,0.261914543018526,0.584452501965104,0.560665621396446,0.669737499794758,0.716644760934174,0.703103489982237,0.696487334926118,0.742318940074448,0.716220393503491,0.733538766988833,0.7329201074025,0.742252491772004,0.791425847337095,0.789396640827391,0.812251591649146,0.809585943499181,0.877581722307664,0.88491267470045,0.894861299399083,0.905400207899869,0.874882859868006,0.955441177066262,0.9761058242556,1,0.963125603890993,0.963732556942391,0.961881159854991,0.925705814895783,0.906930718557657,0.874922600361038,0.793180513868495,0.773090530394595,0.777373044045912,0.754252783793263,0.867615231504528,0.798701789326237,0.827533247970584,0.752351660777298,0.724527637665143,0.822492447200492,0.742023628433277,0.721179057407626,0.685199077422193,0.567638510476748,0.659216771597056,0.611269037399592,0.584086637337698,0.579810766510388,0.596945326044789,0.674914526941752,0.539849781552846,0.488492038287699,0.455125218022408,0.366551726090972,0.351841116756881,0.393741596792131,0.353664327981958,0.374430588384178,0.317256105965613,0.272616395249386,0.356862881127764,0.311884638437045,0.304522852000879,0.310537367706422,0.330790531259142,0.365860271484999,0.342545644049017,0.411668101836822,0.403272930639568,0.396289610304524,0.250780462349881,0.253835181901772,0.270104647996669,0.204015868814049,0.247204005008415
