"","V1","V2","V3","V4","V5","V6","V7","V8","V9","V10","V11","V12","V13","V14","V15","V16","V17","V18","V19","V20","V21","V22","V23","V24","V25","V26","V27","V28","V29","V30","V31","V32","V33","V34","V35","V36","V37","V38","V39","V40","V41","V42","V43","V44","V45","V46","V47","V48","V49","V50","V51","V52","V53","V54","V55","V56","V57","V58","V59","V60","V61","V62","V63","V64","V65","V66","V67","V68","V69","V70","V71","V72","V73","V74","V75","V76","V77","V78","V79"
"1",1,0.626510879229176,0.60457703036688,0.504389615045163,0.537421431769082,0.581580418594483,0.548515183760583,0.473046636084733,0.457542310569936,0.421282538703055,0.3997868193211,0.386211857862495,0.417070705632992,0.390882277259019,0.421674728885628,0.432316821718493,0.407317606532642,0.388503362924145,0.343638640306017,0.426695249988767,0.414873228248629,0.402802445958171,0.372165007766489,0.440014103727913,0.368533800119953,0.421552725823464,0.428343898476578,0.427842241094946,0.375746878178776,0.323610109585715,0.36692166869403,0.251751641854852,0.28720910764459,0.345802320646732,0.284103525391494,0.261623642607827,0.263449629919158,0.373219682243492,0.269750084250688,0.249065399756433,0.264177815270072,0.335963926577739,0.39501289689813,0.303999288665833,0.295137107021535,0.305275567366885,0.330084461521492,0.294301700115269,0.296598272444834,0.360626483373418,0.335722686521177,0.283180282293987,0.276799098613035,0.306335387236757,0.234906837796603,0.239498232841423,0.218519910264645,0.241390829246309,0.21698141245787,0.25112274712634,0.188804077197071,0.18439102543303,0.157727753188309,0.193743203301112,0.220462144862796,0.29161526880434,0.237822263561335,0.164943129635904,0.175033284133148,0.124895620562007,0.106449971229007,0.120925402536462,0.134958664443214,0.137204663957745,0.0682530559321459,0.115908966433622,0.152591737046352,0.139337858015397,0.15759943946656
"2",0.626510879229176,1,0.839822196003711,0.784569726556571,0.650554790997861,0.710471574424981,0.651293804540426,0.586968560082022,0.589920296725044,0.516334181233878,0.499859608764686,0.462270447928752,0.531053510639364,0.493989588729444,0.522943641375913,0.497384766958488,0.545246088205383,0.515913104257656,0.427174420884519,0.548568429465822,0.50718246812427,0.525880876546665,0.535986987564684,0.569254687113089,0.391394825839334,0.522899999806538,0.497208749067067,0.474538876995744,0.442553158509873,0.457003697799543,0.476628312156658,0.364148878364689,0.337832045761852,0.393599499871598,0.411939923638725,0.344690917336338,0.335923795214312,0.393441094480365,0.368203288071583,0.351577639627491,0.30426759787298,0.409045071970872,0.461907684778077,0.40570515357688,0.35253293531345,0.344447093775647,0.343078181112956,0.395547481789926,0.35216389959125,0.407790990382181,0.425971982814315,0.397498077197088,0.312713038984358,0.361874317031635,0.296072476272609,0.300129897479542,0.262577242207202,0.255980978992801,0.287566411623497,0.35105461439063,0.253861595987133,0.273568877517415,0.244886139698891,0.240099589029192,0.327652284452915,0.307140795305099,0.233053329563979,0.189632154937422,0.187438361630853,0.15841412507431,0.161932949933077,0.178970953025719,0.184321792295243,0.186341460879448,0.124454200529427,0.134613971008625,0.197709947986271,0.214276631097638,0.197345393476074
"3",0.60457703036688,0.839822196003711,1,0.770487009624381,0.658859873141916,0.721171974262134,0.693982454237699,0.645635558656908,0.627998702175541,0.546596592889936,0.540270916104243,0.507375926082398,0.564938495706482,0.540899069618756,0.583691494873798,0.559644818699318,0.606825339917435,0.566466899426936,0.472715758817255,0.589309914322106,0.572355012992407,0.590598774129951,0.60653993454808,0.624550978292604,0.432812125513794,0.595888668114096,0.555580294650552,0.551265161596966,0.516110257310491,0.534706350269879,0.591921905183175,0.438088332680194,0.418855841831926,0.460730121842389,0.466049287318339,0.421340480452611,0.357304653537822,0.427206676477506,0.440343837174631,0.435136643230581,0.397486579961612,0.482065210759311,0.5250053502042,0.478865609692935,0.406955609700296,0.416276822058986,0.405149047194113,0.415017989717254,0.371662334749308,0.444758547691117,0.466810626174332,0.437740229545379,0.347285120387535,0.416034397617642,0.339441592327361,0.332725646973022,0.315461796803628,0.328984362441455,0.334941771783506,0.414205423966797,0.263872355006739,0.281542996147503,0.26891871376006,0.262830772623183,0.354250024359556,0.358085468185227,0.275180099083336,0.207941572791719,0.234378047613731,0.191965972676348,0.181411504194488,0.198195567762889,0.220114426513754,0.174280650580003,0.134976269676815,0.137726479966403,0.198805721092785,0.226199968380132,0.227080716404123
"4",0.504389615045163,0.784569726556571,0.770487009624381,1,0.716161262182006,0.724520066725388,0.698129032880011,0.643106455319132,0.590696468066719,0.503064068247786,0.506402707962314,0.480542218322368,0.534565897820446,0.514102201662329,0.55463712351991,0.528465332099892,0.592161170166519,0.524586871696041,0.484322562142725,0.583681252463518,0.538820432451867,0.530392910085277,0.594207689882874,0.599016309159796,0.398670789432658,0.542756245282059,0.506591174478119,0.49516889052848,0.467077921998149,0.51325411915537,0.562037537657867,0.464572234172283,0.4085606452476,0.429985969881312,0.470614538246362,0.423055231564134,0.37341511049112,0.454704721116161,0.475414002460675,0.441955006539401,0.406953597825766,0.436687016585448,0.484770621142327,0.435562685903909,0.342545009748758,0.401538705978842,0.356028584423414,0.409796871244674,0.345475803121676,0.425086955651977,0.447377241949836,0.446060142635124,0.344396827156022,0.388052843403248,0.308514330030667,0.337024789585591,0.322709383529179,0.316220248716562,0.33528815951705,0.399610594597617,0.283728219019657,0.297698786194679,0.300479130563478,0.273783076168372,0.357050789025583,0.331093009709658,0.276434805509302,0.181839874740001,0.215368593239232,0.166067548389801,0.172886346015921,0.185742285108544,0.16892980803336,0.201696260290323,0.164159191579024,0.111327608210596,0.18871013765375,0.209167174203753,0.198717118191757
"5",0.537421431769082,0.650554790997861,0.658859873141916,0.716161262182006,1,0.849516350283054,0.759276850572569,0.688621663918805,0.632240476510366,0.621975287982219,0.625950766717443,0.580519695268864,0.589858898787567,0.561254560676428,0.564338139174203,0.554327443776397,0.578249426517824,0.533653086140297,0.447487092799804,0.568775835239835,0.54191711418066,0.580643954134758,0.592274103718658,0.591039703522729,0.427598982162188,0.578404194492435,0.559651409978959,0.529285841579102,0.494169929309285,0.491780362704839,0.491729354663383,0.384663663578568,0.374621513397835,0.449744868018704,0.447115181592092,0.367986477702186,0.363921073810297,0.421705168996207,0.4087381188749,0.37872054055285,0.390855436355166,0.465795278249473,0.51748703069965,0.467089652716368,0.412638747902192,0.442268062057251,0.432203102790728,0.445019694420789,0.371693260514241,0.46671503788073,0.477894164717178,0.463343415876325,0.413301457019238,0.431123198128413,0.373751427722525,0.369138240920375,0.363440507710407,0.345307780509702,0.331721655927573,0.387803165332046,0.315155285564476,0.360577661839214,0.329530944592731,0.301943209215008,0.368273893555947,0.38918476858614,0.361915197320171,0.26886062526449,0.292921570680638,0.230092661751508,0.261732125889502,0.307657730363976,0.267406917120179,0.183540755524394,0.123622890733328,0.153138432805659,0.224763215683954,0.258555805547852,0.272748569790979
"6",0.581580418594483,0.710471574424981,0.721171974262134,0.724520066725388,0.849516350283054,1,0.848554049381532,0.772175313846997,0.747269024669219,0.731984488010643,0.70045760303055,0.654683962845136,0.691534318314588,0.636628983250951,0.616978826895707,0.630358207943729,0.659355089073933,0.627520907205064,0.507991123343572,0.644215430862178,0.629569612108384,0.68132757102236,0.673042311416956,0.688135986760305,0.486843151511076,0.670518941979608,0.649986254574867,0.634617954857151,0.592320341129903,0.576741224171822,0.558333161730918,0.478835677896718,0.452448239308639,0.528850674327698,0.503836408831243,0.4478083387504,0.448882301576617,0.488806855958196,0.464808536959316,0.444171329018789,0.428727678090145,0.564282902111303,0.603128467083505,0.550081482197528,0.486550767372283,0.462512419826519,0.493171693129335,0.494148537525489,0.406415247670355,0.502037374153775,0.519967452608083,0.490096885975832,0.41860977063187,0.461267199180095,0.387508976158789,0.381381881456937,0.374199413500921,0.353767960400736,0.350773863282158,0.420728888243561,0.341847367798935,0.391680987703719,0.348222825496048,0.304296958360585,0.396855234965916,0.410151733008622,0.398865820879915,0.286493959474134,0.31904709976507,0.249277301755141,0.261218389787601,0.311358609833378,0.312375585344049,0.218706383279573,0.14293424818668,0.173380049406307,0.275139380738396,0.335682241252178,0.320808755966187
"7",0.548515183760583,0.651293804540426,0.693982454237699,0.698129032880011,0.759276850572569,0.848554049381532,1,0.877469892470721,0.814409382522718,0.714742474173953,0.762605780037395,0.726172391870573,0.749617000624553,0.716851103828699,0.698303848561779,0.68797753148093,0.717991112353545,0.673665607500587,0.565278067100753,0.680043718026124,0.68591613702853,0.754050039502929,0.733407848074133,0.744707562112708,0.555925096067259,0.713754957891795,0.696912070656948,0.680063885309114,0.606813117005464,0.613906393664916,0.607255094510712,0.520866722464868,0.499275881269573,0.589592697407168,0.572048068560363,0.524603184055717,0.488692484411035,0.511200544223448,0.543736357174233,0.519513380387873,0.505683522021465,0.59140423285109,0.651037735116501,0.566286783290492,0.545293813355729,0.544448333906046,0.508878914928727,0.545181294686075,0.421294541282413,0.538209560522481,0.525337340860272,0.525737741907511,0.451432839369015,0.484345861361374,0.44642583558879,0.418444468754854,0.429526887827379,0.39799467533654,0.398654723695984,0.493654447709021,0.366452326236417,0.41903836903823,0.363668661824461,0.313187168410181,0.407666306816654,0.432565961398324,0.439137066521024,0.304678280217012,0.354603400754291,0.282324838192708,0.296531224882948,0.324912404682318,0.314922264096998,0.207411706298882,0.127745329974904,0.198355965930027,0.298003159417265,0.235478573680548,0.289330066947404
"8",0.473046636084733,0.586968560082022,0.645635558656908,0.643106455319132,0.688621663918805,0.772175313846997,0.877469892470721,1,0.878092745305984,0.735157880893554,0.786553901924865,0.76804876027614,0.774636522470891,0.759442367330331,0.724973753900457,0.731886589351653,0.764567145875408,0.712830683639581,0.623273262020332,0.713752843546461,0.73115764575072,0.791201708793287,0.771335046287418,0.749687744949516,0.583460381658764,0.767447116276653,0.755233766801253,0.732055973195907,0.676746162451605,0.654728370886424,0.670679333104184,0.557399055593579,0.550911593064706,0.624445585208942,0.635651575471386,0.589799439279555,0.558186686031648,0.562738486546173,0.590286204484385,0.554666305733343,0.512432354724125,0.657028544046243,0.723329722495249,0.637223449737804,0.608427449056874,0.619026836228943,0.60097644367666,0.583541166850982,0.467826525206238,0.583666294560488,0.568455737716856,0.575964277429778,0.483534603597798,0.532278880270762,0.510868896458976,0.462229456954478,0.485666495933636,0.422500866359156,0.469014445987776,0.540319335886351,0.461717199683743,0.527939638478718,0.473487162707842,0.398857967661827,0.492384334755882,0.530238991109867,0.52243989146254,0.371978085624461,0.430112760120356,0.353762895373663,0.388267072619034,0.418454044231793,0.393249474752431,0.243229753891977,0.149730143067042,0.227496226624414,0.366318960840748,0.270473194617372,0.362461911132448
"9",0.457542310569936,0.589920296725045,0.627998702175541,0.590696468066719,0.632240476510366,0.747269024669219,0.814409382522718,0.878092745305984,1,0.779593286824918,0.809501055877331,0.796241793448621,0.796797580289756,0.76835542999796,0.705845239246511,0.730567902415491,0.751613145273969,0.73662484077906,0.621717482630778,0.711105335730619,0.747191623186999,0.802235019120799,0.770140277842034,0.755880678973248,0.598431170671607,0.772332501325166,0.776307276106424,0.752000850591979,0.71228171304811,0.672362453286411,0.655035310642515,0.567027291756311,0.571814753561653,0.641104341834378,0.616455158933802,0.586026623664531,0.566405761371544,0.569333534944417,0.581741804968206,0.551076964022486,0.485491214893228,0.679266077441417,0.739656557828911,0.648383827713214,0.624721718964265,0.598696433134816,0.612240459690837,0.588988835151549,0.486144543632233,0.568683373289453,0.551555589465904,0.536945987461756,0.468780852697323,0.509648225911739,0.473890507242276,0.442036134153998,0.450148173685537,0.383137029981438,0.442153811507619,0.514836370581027,0.423612767865573,0.484823268062582,0.443043691649712,0.348341540592514,0.459653400031415,0.526718592650646,0.518524515974383,0.370580237612239,0.429209344849597,0.340980739101737,0.367555581795411,0.41278967229556,0.413895186786405,0.253284762487991,0.130206810233429,0.244718687428127,0.369188443706247,0.2651861974215,0.364751923770778
"10",0.421282538703055,0.516334181233878,0.546596592889936,0.503064068247786,0.62197528798222,0.731984488010643,0.714742474173953,0.735157880893554,0.779593286824918,1,0.908335737184904,0.836854328108471,0.760941428823451,0.716190570077022,0.649515283585172,0.640736803812313,0.633848642291581,0.678904034434773,0.56597792458249,0.645497869686983,0.674208475455588,0.718912548787814,0.668057746238541,0.643483942890613,0.520059268346922,0.685849477547474,0.692462742125813,0.656846947072463,0.621064794220492,0.54704780368332,0.533574044289703,0.470896156476855,0.473747312743496,0.551907970675323,0.509633658852045,0.449457546972632,0.450664561603841,0.460570783346973,0.471191324110466,0.442920474999287,0.384344410562426,0.578702833723314,0.655940239502975,0.57735810722963,0.567627415490555,0.529849792853394,0.538077956597246,0.534917237918756,0.420455884039794,0.506841353714661,0.489206685104776,0.475313326818,0.429233835147781,0.446978988124993,0.43036250017053,0.388731779006025,0.394011582761882,0.337757005816482,0.39299625122908,0.451003354385893,0.400239939267046,0.452845453379798,0.383485403411078,0.30937461286769,0.391552353472382,0.446915884710704,0.479802667467215,0.335428551650312,0.362043370720743,0.295697547700404,0.328297301091778,0.402010638845591,0.41635925653298,0.196224480936731,0.179031369351402,0.248994967287154,0.327659246416791,0.456799211518175,0.415699968369639
"11",0.3997868193211,0.499859608764686,0.540270916104243,0.506402707962314,0.625950766717443,0.70045760303055,0.762605780037395,0.786553901924865,0.809501055877331,0.908335737184904,1,0.925649060667748,0.823856077977801,0.809949035676778,0.730853367155786,0.711528429917478,0.704019767350012,0.707424619096317,0.611521891002599,0.689397800900271,0.711112118699606,0.767334147682398,0.736650183243261,0.703000693010441,0.555688560097178,0.732413223278902,0.738332727279968,0.703184030739464,0.669891417570083,0.60874021952009,0.585299854541933,0.503556625296838,0.498203287693687,0.583287941956659,0.563653737117295,0.499321035678962,0.470023491898033,0.503093824871664,0.520004064871213,0.48237558400977,0.43633213294545,0.599332358824281,0.682890423283303,0.605944782993694,0.602699896757585,0.589307535232246,0.563408416814743,0.587017815950316,0.459434831662366,0.563217849869638,0.542652480240238,0.528737766463294,0.48083347355037,0.504164566707356,0.490946626995544,0.44204205489466,0.452278346394006,0.390855661132343,0.453049848942475,0.519443307569269,0.462830407224426,0.505963760314417,0.447186571022353,0.35492570415119,0.412258865405966,0.487802196457411,0.520042155829467,0.361111004036525,0.402435017923099,0.33498968170852,0.366403749883581,0.432311098950956,0.427659820270562,0.198719894454991,0.172311850153971,0.258548120428145,0.348861950456021,0.371959960284935,0.387289773552998
"12",0.386211857862495,0.462270447928752,0.507375926082398,0.480542218322368,0.580519695268864,0.654683962845136,0.726172391870573,0.76804876027614,0.796241793448621,0.836854328108471,0.925649060667748,1,0.875466694896905,0.847308693969134,0.748119144543974,0.741817922025826,0.723683172987715,0.735046518973924,0.644944895388456,0.706311028731929,0.732149136126509,0.770678115679611,0.74111290148031,0.705636880330512,0.548185198546084,0.732383143457378,0.740460189370981,0.719090823082002,0.673960393723507,0.626294051984281,0.590388195584638,0.559271183881843,0.546891845568062,0.589702457082403,0.56698937358588,0.508389640587792,0.458887158350084,0.51945471043243,0.525792167440248,0.502878225112078,0.432611434812622,0.585458243643509,0.68082813707337,0.613436617298758,0.611372737187933,0.614832732536317,0.565701190282648,0.590527737457996,0.484051583725657,0.582867421570528,0.562695631673927,0.553500497126692,0.498527211373475,0.53450297897716,0.499019685162614,0.467908987564054,0.478017870166168,0.407267566748295,0.478096245928092,0.530901280814827,0.465304269991367,0.516584231696179,0.47012254045805,0.384349702891743,0.432071122323131,0.512758573410257,0.535059663954999,0.383843126611688,0.446410394488073,0.366380197112013,0.386757359947372,0.469353092136216,0.445901110336688,0.192025180515441,0.167266340671994,0.277313553812524,0.36181853567167,0.318551773702435,0.348906612805657
"13",0.417070705632992,0.531053510639364,0.564938495706482,0.534565897820446,0.589858898787567,0.691534318314588,0.749617000624553,0.774636522470891,0.796797580289756,0.760941428823451,0.823856077977801,0.875466694896905,1,0.902099633212327,0.796062707143146,0.80031743985235,0.818176200371044,0.832909788733432,0.70756046449566,0.77518003544848,0.801041429518287,0.827960552865964,0.809114450648665,0.787449475010919,0.601680385638821,0.781492127892889,0.776660937621058,0.780581137706187,0.718410531674959,0.726942915335893,0.680212663570579,0.676325666159834,0.646672378568256,0.673757060362799,0.633576468215302,0.571404967622109,0.481616342394246,0.55531592892592,0.581403019771809,0.571861807240223,0.44287659621375,0.624702728828258,0.718142656796427,0.642044297446514,0.626276049305825,0.610938137945165,0.56948585182887,0.610871230456295,0.502648496411171,0.604503283833161,0.606179046539449,0.587348140912476,0.498886574577963,0.566460141196929,0.514995003539029,0.487990042041998,0.494164014917568,0.416095765088549,0.479280020200369,0.559778208709622,0.470553741995305,0.510654061614901,0.47129572108442,0.389095432670293,0.452968253460975,0.519241005856593,0.497921536592957,0.372377047145069,0.430109492356816,0.332419473347443,0.35410087665782,0.427534756125352,0.419746546289884,0.20885908374199,0.137667744253343,0.274956439256425,0.335895826918626,0.28202786643641,0.295845797520267
"14",0.390882277259019,0.493989588729443,0.540899069618756,0.514102201662329,0.561254560676428,0.636628983250951,0.716851103828699,0.759442367330331,0.76835542999796,0.716190570077022,0.809949035676778,0.847308693969134,0.902099633212327,1,0.856382594808768,0.845525650717911,0.837051077893323,0.833123684645643,0.754887177334906,0.790796794209785,0.818727996363321,0.82303068694086,0.801508474298042,0.774184037836234,0.596145180759326,0.766103427989406,0.762936945876393,0.763218310018095,0.710803812398588,0.70322446738514,0.686445683036253,0.680823000538174,0.651561781976421,0.674310476064586,0.648850581955098,0.592838585228768,0.495290494200237,0.542913603875623,0.616033976642139,0.602188469925838,0.463602964185975,0.631173103249736,0.742264757915855,0.649207769165755,0.628877841037271,0.656475028605163,0.594370467319884,0.619464184458889,0.502517150721686,0.606222171607097,0.575161537503396,0.588808177841396,0.512952364312597,0.568915572719429,0.555246041891647,0.508659151741456,0.528737645453882,0.436241155185218,0.540422098591687,0.600947680205314,0.52983949786677,0.569383186177208,0.544335596942858,0.461026352927118,0.503735735962528,0.538465270990152,0.512908955326711,0.366595468034545,0.440279089839739,0.343869815862918,0.397338021218363,0.448739009906726,0.42450534611429,0.206124145221413,0.132626448350965,0.257220936294219,0.34545561289701,0.254028130001801,0.30199366145231
"15",0.421674728885628,0.522943641375913,0.583691494873798,0.55463712351991,0.564338139174203,0.616978826895707,0.698303848561779,0.724973753900457,0.70584523924651,0.649515283585172,0.730853367155786,0.748119144543974,0.796062707143146,0.856382594808768,1,0.842668059984256,0.82450483165974,0.804347234643396,0.751402143756866,0.770971056859794,0.80330251824139,0.775602507662866,0.787625806224235,0.748619410922809,0.563137197139023,0.717243330570954,0.720010684149864,0.717029937720172,0.678385791668293,0.660877126116071,0.683636362884067,0.639117044302225,0.62363489871829,0.669111184258436,0.614225199351033,0.580938947659228,0.474781701419658,0.525622435380514,0.637308180099757,0.624397380646983,0.474676004800014,0.639382749772579,0.732923981215306,0.627228442180137,0.584637348815791,0.621122485283702,0.583383770192861,0.591802649292594,0.496701359121555,0.600649430869726,0.591784040744802,0.583389392570022,0.503711659976444,0.555141091233335,0.519794338686536,0.495500477355056,0.503387007080448,0.45884679922582,0.517770225643691,0.57430120036445,0.506708245034983,0.512056761418326,0.50409604587534,0.444076055097704,0.481669148051612,0.541553236059458,0.464313714162981,0.324382761132609,0.37863572237027,0.299715783639859,0.351981328108305,0.39542921551362,0.377145966974714,0.202723267553872,0.134635388708085,0.202973054143195,0.301613400783466,0.233580808594111,0.279213361236046
"16",0.432316821718493,0.497384766958488,0.559644818699318,0.528465332099892,0.554327443776397,0.630358207943729,0.68797753148093,0.731886589351653,0.730567902415491,0.640736803812313,0.711528429917478,0.741817922025826,0.80031743985235,0.845525650717911,0.842668059984256,1,0.875681804801176,0.825215262596396,0.763781718336514,0.782803870278027,0.850138636495303,0.817884124533907,0.793766581622319,0.795054000933175,0.669898403686962,0.790695566797847,0.787176022214914,0.806855820719253,0.756263640307643,0.702917704849086,0.721163489710429,0.651833844540189,0.660791865132473,0.688493982866421,0.656274301773114,0.627905571772429,0.494503165756942,0.566710611027915,0.668322943784281,0.629367522071968,0.506403987699226,0.671411938530207,0.783363663095285,0.693339998017119,0.612481685141928,0.660834256925237,0.629033407240733,0.608392850727345,0.511009064073744,0.603390717495402,0.581000298840084,0.569228508171272,0.488341390256077,0.551024254717044,0.521836324899977,0.476966828444341,0.502961395166327,0.42868397447396,0.508333459195298,0.555319502928467,0.49874208314904,0.508153819273847,0.535433543519758,0.453661164389071,0.489379136120498,0.589492692176768,0.4918614865339,0.346226720481374,0.410013235521879,0.322884693315936,0.37598054109002,0.428153286051497,0.412127993620365,0.199061878639403,0.134780036964565,0.239734141438719,0.306937419205458,0.235834296265309,0.288356216686228
"17",0.407317606532642,0.545246088205383,0.606825339917435,0.592161170166519,0.578249426517824,0.659355089073933,0.717991112353545,0.764567145875409,0.751613145273968,0.633848642291581,0.704019767350012,0.723683172987715,0.818176200371044,0.837051077893323,0.82450483165974,0.875681804801176,1,0.862239467141324,0.803602003933574,0.813398045205068,0.851687904871589,0.835870825137262,0.856028268224508,0.820045476326156,0.643678935537791,0.809854875779237,0.783885567838302,0.803151206621541,0.765975757392167,0.771011194525339,0.764701945487905,0.732715044931873,0.717216635274921,0.715938196746685,0.703280479182267,0.654637487864309,0.497535892420906,0.587908949360456,0.689033793591632,0.676690903008161,0.536124558005446,0.687470216106173,0.769288100398463,0.712431440350478,0.597669640503652,0.641854161596813,0.571739327652052,0.587274275897314,0.493988351439596,0.596154486117612,0.609658858074517,0.594809878947272,0.487025928762965,0.563829858187194,0.517727866873914,0.482849942695647,0.506052653435531,0.439272687782373,0.494398476467117,0.596862048093277,0.505052174292983,0.497831879526231,0.528538361340579,0.447221003558788,0.496557512452065,0.578417730585387,0.484104103242327,0.326855898443208,0.396296758422067,0.288075946470787,0.33651917251609,0.378932882061185,0.382070574143711,0.193570238348213,0.10537414707238,0.217409516648075,0.298795769510796,0.233347034311279,0.286468561894422
"18",0.388503362924145,0.515913104257656,0.566466899426936,0.524586871696041,0.533653086140297,0.627520907205064,0.673665607500587,0.712830683639581,0.73662484077906,0.678904034434773,0.707424619096317,0.735046518973924,0.832909788733432,0.833123684645643,0.804347234643396,0.825215262596396,0.862239467141324,1,0.842931271878976,0.818083276494438,0.866021624657341,0.834905973399274,0.799168681046457,0.77181677529218,0.618651642718755,0.758629942834765,0.767847262034291,0.773678761519232,0.721098729051064,0.710083116006044,0.706114795128096,0.705553775379187,0.691246779441536,0.682820150566781,0.641475056011873,0.558310612340556,0.452012306595143,0.506045403272982,0.644708175461558,0.623180282675443,0.44822317489633,0.635327262260555,0.760714206289426,0.670237930487402,0.592109018484215,0.637804426500423,0.548255399298728,0.605128361958032,0.492324689321561,0.577507140585012,0.555726557790411,0.547325802448947,0.469478428574843,0.529159939186557,0.517299281360588,0.479777890670739,0.482133441289854,0.407472770072375,0.48128907890794,0.548555725547067,0.505889435374601,0.494931224229751,0.489367884280884,0.413866843355283,0.473578067664895,0.542430471661636,0.482277052211866,0.341993691356398,0.391874772013003,0.284015713376044,0.329418768309776,0.399438906700654,0.39925203751669,0.1803480223376,0.0956108594953697,0.237413467467353,0.303071453545635,0.25391215153031,0.285727056396245
"19",0.343638640306017,0.427174420884519,0.472715758817255,0.484322562142725,0.447487092799804,0.507991123343572,0.565278067100753,0.623273262020332,0.621717482630778,0.56597792458249,0.611521891002599,0.644944895388456,0.70756046449566,0.754887177334906,0.751402143756866,0.763781718336514,0.803602003933574,0.842931271878976,1,0.815595438482944,0.843636011614856,0.719279563706805,0.713096490153077,0.70098301779408,0.585709055036578,0.689535577132334,0.672987583523099,0.705673172411524,0.682637680387074,0.622599278601628,0.641805771601889,0.6851564014872,0.692247049705727,0.666171579229951,0.656341451924175,0.598040236605387,0.441212702579481,0.535578981594629,0.714782652765975,0.679132925217384,0.480296699051676,0.606146988875895,0.729369601954302,0.624192571434316,0.513270571320715,0.643532358244454,0.521937007596652,0.511828388945328,0.407890351531951,0.499769541035908,0.488562133135461,0.501526108685007,0.403423694002096,0.463056900667702,0.478151353713307,0.424724904099419,0.444865397767207,0.394563881569783,0.47972090116713,0.532713090433204,0.549045583939535,0.473226976076725,0.484023841638299,0.488954837290405,0.473858109804052,0.554429942918715,0.429164518668999,0.308381861141242,0.362475906225827,0.26800475558932,0.269457313631119,0.317813685054895,0.31133124144797,0.168862621355679,0.111315281546738,0.16420207054456,0.270289117520323,0.232129631015734,0.253723125304435
"20",0.426695249988767,0.548568429465822,0.589309914322106,0.583681252463518,0.568775835239835,0.644215430862178,0.680043718026124,0.713752843546461,0.711105335730619,0.645497869686983,0.689397800900271,0.706311028731929,0.77518003544848,0.790796794209785,0.770971056859794,0.782803870278027,0.813398045205068,0.818083276494438,0.815595438482944,1,0.856380502526813,0.761533618280349,0.796471881772894,0.758732941258508,0.609277353087057,0.769240583713962,0.752952469762403,0.759917665865922,0.733330551765946,0.684919029226948,0.694874267816165,0.656756572487534,0.648325407158209,0.659989336784551,0.657132565329939,0.588626664238855,0.443887809642617,0.546294461121321,0.640937462215303,0.610346655385687,0.477751820616885,0.618030080473709,0.723232814389882,0.658013045662357,0.556874137506009,0.626367439859558,0.551402116370659,0.579318572671747,0.484230595018053,0.584131822929451,0.572060977623099,0.557120845442403,0.453931388426562,0.532310493665984,0.502914130326509,0.456922643900197,0.475586177593605,0.430664396653011,0.486211969265631,0.556970135959571,0.464097902571324,0.470753105784949,0.495823903556394,0.455707327830141,0.462656439165345,0.534055044813248,0.457066789529644,0.330258561551337,0.388953032893446,0.298479518414174,0.303668495716343,0.362797513202009,0.345913891270233,0.202822122822868,0.115007887008628,0.206419836087445,0.292857392139294,0.267122423822673,0.289117618813967
"21",0.414873228248629,0.50718246812427,0.572355012992407,0.538820432451867,0.54191711418066,0.629569612108384,0.68591613702853,0.73115764575072,0.747191623186999,0.674208475455588,0.711112118699606,0.732149136126509,0.801041429518287,0.818727996363321,0.80330251824139,0.850138636495303,0.851687904871589,0.866021624657341,0.843636011614856,0.856380502526813,1,0.862377387367613,0.823473991704731,0.790528774137665,0.685585869892285,0.80910045196418,0.804691146317561,0.812052908315704,0.772111661810015,0.702257894974817,0.716143793800854,0.705103943931763,0.723531846265129,0.727790156002797,0.700008610513548,0.64315676020236,0.509456537539879,0.575859990186837,0.710721621598694,0.680396425440473,0.50962594652049,0.706748896845961,0.815500754047446,0.704978732814095,0.604988762236404,0.687844127592525,0.620564540256369,0.60356368242614,0.487978225573883,0.577326081582068,0.556258232563861,0.556296469446942,0.46314906508142,0.524528627523414,0.529762750584659,0.472304969442765,0.493728529571694,0.429505743845563,0.510127150371106,0.572163207971889,0.534009032785847,0.512425501472563,0.517623234964016,0.455486484848583,0.516561229641305,0.601806103672363,0.496813695360495,0.362728862840478,0.415344079837063,0.324779363655199,0.346346008341026,0.409252235603264,0.41626667628051,0.211954570286948,0.127668322593423,0.208572130943793,0.297772564528268,0.260313803679521,0.296746405143322
"22",0.402802445958171,0.525880876546665,0.590598774129951,0.530392910085277,0.580643954134758,0.68132757102236,0.754050039502929,0.791201708793287,0.802235019120799,0.718912548787814,0.767334147682398,0.770678115679611,0.827960552865964,0.82303068694086,0.775602507662866,0.817884124533907,0.835870825137262,0.834905973399274,0.719279563706805,0.761533618280349,0.862377387367613,1,0.855666891721825,0.814871789221538,0.689126605649739,0.832801442272432,0.832160903793583,0.816354361400187,0.766168380482358,0.755349393450667,0.709481217725895,0.670152313053635,0.686497874121613,0.725702797900826,0.679402459592571,0.63353196349208,0.510115369124945,0.565769047236871,0.646180208368904,0.641564559754378,0.569821294403635,0.738467641703579,0.795470073485322,0.714794458337695,0.63464551761284,0.635785355955797,0.618811182113319,0.602823852792509,0.475660592737438,0.570495117820653,0.560134654412994,0.554627617267672,0.481607961387221,0.543366420704448,0.517175013788346,0.477911772413343,0.494415149962374,0.417568136718058,0.483010950445645,0.580098793047164,0.490762165025269,0.511506651876833,0.498458733941059,0.396737112586907,0.510449335018502,0.591099540349741,0.496621098594913,0.351276979535585,0.403455029619705,0.313898024263605,0.36882970968818,0.418563888466389,0.425712348838717,0.209306856084899,0.137237828360887,0.22349697229764,0.315307582604619,0.23440873501442,0.291463997235491
"23",0.372165007766489,0.535986987564685,0.60653993454808,0.594207689882874,0.592274103718658,0.673042311416956,0.733407848074133,0.771335046287418,0.770140277842034,0.668057746238541,0.736650183243261,0.74111290148031,0.809114450648665,0.801508474298042,0.787625806224235,0.793766581622319,0.856028268224508,0.799168681046457,0.713096490153077,0.796471881772894,0.823473991704731,0.855666891721825,1,0.859250914069459,0.653300868354024,0.820861650038092,0.805980817974175,0.82214015748626,0.790559437772451,0.808558551310091,0.749477769449213,0.714178057962242,0.707986144691009,0.718087655351279,0.713213348690364,0.687528985038645,0.535685810875702,0.607987527888167,0.697717127379809,0.675436032527876,0.555984974597022,0.722340929174045,0.763885410323243,0.734879211049984,0.616867847651703,0.642556193693183,0.600483770961407,0.617606773348993,0.50681673533393,0.617698121793981,0.63868251230043,0.624059131977328,0.505787805690541,0.590735314905194,0.518441749883634,0.497310104459946,0.518924560187878,0.46503494706282,0.50416634394975,0.590221491219938,0.469972890898525,0.511836960329911,0.543677408234881,0.416132782104649,0.477342827911589,0.572284874085905,0.50537064778128,0.391731014564443,0.453574245636172,0.355877969402654,0.370046768953135,0.417035991621765,0.411877857269235,0.204770106522284,0.138154614611974,0.220160832833385,0.327269049920742,0.264186761297529,0.322484926997502
"24",0.440014103727913,0.569254687113089,0.624550978292604,0.599016309159796,0.591039703522729,0.688135986760305,0.744707562112708,0.749687744949516,0.755880678973248,0.643483942890613,0.703000693010441,0.705636880330512,0.787449475010919,0.774184037836234,0.748619410922809,0.795054000933175,0.820045476326156,0.77181677529218,0.70098301779408,0.758732941258508,0.790528774137665,0.814871789221538,0.859250914069459,1,0.727462903274201,0.837926499557202,0.770068937743468,0.807631964548296,0.790104634333348,0.769860701581812,0.728103851754269,0.688065570253013,0.695969831300346,0.710470291277987,0.66833674435422,0.670131397900885,0.504208596713639,0.608916116057589,0.672958283022095,0.647046792515747,0.582382866376523,0.705278997642983,0.745812272412355,0.711371876370319,0.629018189312758,0.633788099261752,0.606210134538163,0.593827340703751,0.470427275421785,0.565076641749131,0.571045338098497,0.570724043609687,0.469935359358478,0.536953386270415,0.487174390237877,0.454399166049696,0.456968358256177,0.410446187948959,0.457545629203536,0.541582202486711,0.442995748452043,0.460201393411649,0.508607441587211,0.419324614206387,0.480725614892763,0.57232687349135,0.468454863150633,0.392703983088967,0.427817416456253,0.340946310128525,0.305688547423595,0.345046381890943,0.363855320911624,0.197718046402792,0.147560948954627,0.203557026725683,0.270334360838398,0.242138045290455,0.271631818993665
"25",0.368533800119953,0.391394825839334,0.432812125513794,0.398670789432658,0.427598982162188,0.486843151511076,0.555925096067259,0.583460381658764,0.598431170671607,0.520059268346922,0.555688560097178,0.548185198546084,0.601680385638821,0.596145180759326,0.563137197139023,0.669898403686962,0.643678935537791,0.618651642718755,0.585709055036578,0.609277353087057,0.685585869892285,0.689126605649739,0.653300868354024,0.727462903274201,1,0.742335276987329,0.712429403224488,0.727904708911149,0.699906652632395,0.59376996075058,0.565169420715307,0.499841078125843,0.584173962839023,0.625784846384195,0.582362589353392,0.568342951414469,0.407563087915736,0.531142818182085,0.578706144496114,0.557373286775137,0.475576436545243,0.617175243109605,0.686670981689882,0.619164917349367,0.548944075263787,0.601549859506095,0.597646640620487,0.509801221754368,0.389689431989566,0.461316453857775,0.415357990705347,0.422345346132684,0.376562234488902,0.420106814578848,0.453569453133197,0.377413914705748,0.385362138858092,0.322205763451903,0.378222825262154,0.446483272053853,0.391568313878085,0.412161398705086,0.466217205940555,0.377641822669283,0.430141401246625,0.53339861221635,0.418501327872918,0.357568043794137,0.391837396424345,0.313372898180709,0.287979010154877,0.337239834965112,0.340883544123605,0.167853028110939,0.130855358239605,0.175247103751529,0.210379192298502,0.187633882607877,0.22183475387921
"26",0.421552725823464,0.522899999806538,0.595888668114096,0.542756245282059,0.578404194492435,0.670518941979608,0.713754957891795,0.767447116276653,0.772332501325166,0.685849477547474,0.732413223278902,0.732383143457378,0.781492127892889,0.766103427989406,0.717243330570954,0.790695566797847,0.809854875779237,0.758629942834765,0.689535577132334,0.769240583713962,0.80910045196418,0.832801442272432,0.820861650038092,0.837926499557202,0.742335276987329,1,0.859261740154257,0.832332705584311,0.832348300061222,0.757027689333476,0.713893680479646,0.633769429103342,0.668243102738593,0.681844019195693,0.676939120234734,0.651818435511656,0.526275830269619,0.582446094597034,0.649939914391699,0.620177752883124,0.534821951652364,0.724624107383463,0.77034106210376,0.716142006017867,0.646531205585992,0.651672561508841,0.634869351300196,0.594562908195794,0.502313784528771,0.574000663840779,0.580332364034039,0.565237608238985,0.470284165200716,0.538498458173392,0.512599931868836,0.451810001955964,0.469106608309478,0.401121657046016,0.458891769188417,0.551510270501619,0.452359550540082,0.497487844237873,0.540293159976891,0.436071576657865,0.492409278275905,0.614890842072212,0.529615526607435,0.429485583536573,0.48164163423355,0.382318753105384,0.389462539196957,0.427229353795698,0.420352337067942,0.225952819438947,0.178156609052215,0.22063983645551,0.331932420606061,0.27857680003478,0.318729314174934
"27",0.428343898476578,0.497208749067067,0.555580294650552,0.506591174478119,0.559651409978959,0.649986254574867,0.696912070656948,0.755233766801253,0.776307276106424,0.692462742125813,0.738332727279968,0.740460189370981,0.776660937621058,0.762936945876393,0.720010684149864,0.787176022214914,0.783885567838302,0.767847262034291,0.672987583523099,0.752952469762403,0.804691146317561,0.832160903793583,0.805980817974175,0.770068937743468,0.712429403224488,0.859261740154257,1,0.850932335814066,0.81119508032517,0.727084098727686,0.687025943586526,0.61005412302821,0.647552693908488,0.682636250694477,0.675286950407293,0.625650196268189,0.515855932756105,0.580368882651459,0.649693087328175,0.605487786134257,0.515857192326137,0.700498251096969,0.78001210694776,0.714574101312158,0.623460354094777,0.660227154833496,0.644998050850111,0.619914424202752,0.541075157514252,0.612596956396807,0.598599568069612,0.589618890675257,0.506681129497326,0.552184711418626,0.538034103418989,0.482916218368545,0.502684739676591,0.420524169598321,0.476378180354633,0.560679364054641,0.454051707483444,0.497727913584536,0.522410875234336,0.402155796556372,0.484322749632909,0.619452732633725,0.541689891938042,0.416755839561834,0.472912243573413,0.362543714917211,0.404279736944471,0.470187316633969,0.44384600825427,0.217690056856451,0.143521413020514,0.232393513066607,0.322524053321123,0.272126645644533,0.325360070099081
"28",0.427842241094946,0.474538876995744,0.551265161596966,0.49516889052848,0.529285841579102,0.634617954857151,0.680063885309114,0.732055973195907,0.752000850591979,0.656846947072463,0.703184030739464,0.719090823082002,0.780581137706187,0.763218310018095,0.717029937720172,0.806855820719253,0.803151206621541,0.773678761519232,0.705673172411524,0.759917665865922,0.812052908315704,0.816354361400187,0.82214015748626,0.807631964548296,0.727904708911149,0.832332705584311,0.850932335814066,1,0.850581274681155,0.770856514044278,0.70583010929092,0.655069524211808,0.712640885987908,0.75051562406381,0.70142872719881,0.722974435911023,0.542094483953069,0.624462254756011,0.664843542510432,0.671861116942093,0.547964194611005,0.713763322733806,0.789669268740182,0.723110820997929,0.638611156313939,0.675814381231894,0.6641673225044,0.590425075515605,0.49903614573677,0.572402761492596,0.562102059417804,0.554782462957344,0.470842773127848,0.549874951631504,0.496767683086956,0.460135019319193,0.483065716533666,0.419422452836408,0.4636965471919,0.542139331563262,0.431652330081918,0.462410377806224,0.526397173094406,0.425910845802191,0.490538454663859,0.620636830504872,0.520062402587484,0.405607844403424,0.472510151507086,0.339475806575812,0.357995763306563,0.401816676769916,0.411510476624147,0.223891276895859,0.147856040851192,0.224297312500759,0.314894170961241,0.261243386776909,0.307724239441396
