"","V1","V2","V3","V4","V5","V6","V7","V8","V9","V10","V11","V12","V13","V14","V15","V16","V17","V18","V19","V20","V21","V22","V23","V24","V25","V26","V27","V28","V29","V30","V31","V32","V33","V34","V35","V36","V37","V38","V39","V40","V41","V42","V43","V44","V45","V46","V47","V48","V49","V50","V51","V52","V53","V54","V55","V56","V57","V58","V59","V60","V61","V62","V63","V64","V65","V66","V67","V68","V69","V70","V71","V72","V73","V74","V75","V76","V77","V78","V79"
"1",1,0.889794977288411,0.759524063636646,0.699792186485922,0.73751769609337,0.675735695314052,0.669279178063789,0.600348775163382,0.530920693576726,0.466529236954305,0.466429224609679,0.431508378586125,0.431445114066208,0.401008329252566,0.41794293989848,0.467741415296868,0.46955797704567,0.444335206342264,0.470603796830378,0.452913059390543,0.383779921173857,0.504622366098361,0.464845850845735,0.387688399466915,0.363556904546996,0.392729091220993,0.360929538750637,0.372941922768875,0.317832093548839,0.351345665188723,0.334834160222248,0.433271728376991,0.372347721631114,0.386440262803234,0.281028419796709,0.329769631416344,0.361176356065511,0.371758990238717,0.401924149010198,0.351504831705064,0.37466442228851,0.41206313743311,0.395196048519804,0.367100650906473,0.318427911056217,0.326764964443783,0.364090873858886,0.360936903721809,0.304967477047981,0.278625772320716,0.273987766748371,0.270027508336119,0.293532564518774,0.239014748782807,0.287775121031069,0.284408982755766,0.27447131281415,0.2163989230126,0.299444486936689,0.304550457161297,0.24498502909119,0.294511204200958,0.284251343347622,0.29642480457256,0.306835139452242,0.307995373503337,0.299486797102477,0.35277589575821,0.410244965661271,0.364514918282135,0.335929008576707,0.396689034812497,0.460854843003682,0.197993342124648,0.12921553519021,0.152581292573063,0.390452708848296,0.239289661710712,0.265052018357401
"2",0.889794977288411,1,0.806613768652375,0.734523714813538,0.757575763414921,0.705821223840536,0.687905774140394,0.632074897900135,0.559536557162679,0.513519051304154,0.521195551955883,0.504664075149041,0.496256014203272,0.458424071648211,0.46231824518806,0.507867063197523,0.505400265693975,0.466354397707065,0.490585750136843,0.480953506262067,0.435411168087734,0.543178496975232,0.521513415918792,0.456214220277801,0.415400581411365,0.42111955858945,0.3827827543789,0.413099485589588,0.343337898106267,0.397812412650467,0.370771861407471,0.458231959538676,0.389029130875585,0.385042067391723,0.303660355361231,0.353865550193654,0.390286474349564,0.417281343783887,0.435511020745442,0.355362248331104,0.393395243540106,0.427718461158663,0.408902374711998,0.388999206694623,0.349176980521851,0.349557219610763,0.387823657396811,0.385331418330464,0.340539632986064,0.298803734029963,0.297490579882833,0.307121454746413,0.309134603439703,0.271338683931414,0.302592168545479,0.322195540406163,0.300579088763107,0.23015196419638,0.316000644991983,0.313116744564428,0.268022529036283,0.311595476732167,0.27981188770229,0.292175207353183,0.31993278444704,0.311839470346027,0.318029741765708,0.383449580066766,0.432053409571911,0.399184128615505,0.382651769029432,0.405909027217448,0.473766400837929,0.228196053867608,0.149293150774256,0.200647761693711,0.400840007158115,0.288729580983244,0.291716344153997
"3",0.759524063636646,0.806613768652375,1,0.840156030816928,0.822553709245565,0.851273399466963,0.832836134418788,0.746443834782883,0.653209721871593,0.603428764673136,0.627042126632022,0.64341130856645,0.659465205368542,0.622783923543919,0.57489836056713,0.633917038511333,0.599974744664806,0.513167033281982,0.541594555366238,0.544464256819297,0.481394233739231,0.618814204236108,0.594799361589221,0.529670293734934,0.438067806407173,0.452749720487861,0.420340018999654,0.432239956578171,0.368235049644173,0.428419274488072,0.397965072510175,0.51299431714111,0.424886858703431,0.436184976544736,0.332299406740549,0.383531938711273,0.391037996176439,0.425224603076216,0.469621982621784,0.400791902593925,0.406878283031176,0.475086141468685,0.438071933785633,0.412807134668814,0.358356268960234,0.354867162203412,0.395547252092855,0.385855466990715,0.34797796105319,0.30909546989431,0.314331279017279,0.308337971274959,0.332411121667823,0.268594506664679,0.321087566494871,0.341100777813448,0.307979270557472,0.227116925286384,0.328512225888273,0.308435154193231,0.264342460702982,0.305557443998043,0.303411967473378,0.306314545732752,0.322272529492569,0.351694136427462,0.362087128290653,0.443069254992681,0.462712686403095,0.412729600791792,0.354377290874208,0.333068803424362,0.399783719722895,0.214794282615203,0.113641749469657,0.191929058141049,0.434806240111747,0.321336435735508,0.337004571933314
"4",0.699792186485922,0.734523714813538,0.840156030816928,1,0.856167426251856,0.79157363190476,0.785128493646265,0.707314142283551,0.622798680665214,0.563560489232816,0.579798398906151,0.56210084615633,0.544201470130923,0.524432250838196,0.531107268229237,0.584059906410964,0.554371635430334,0.493163701608393,0.552391564661125,0.563194368484015,0.479895088202616,0.600773134830045,0.562101955663902,0.476124086986808,0.423685222775112,0.476241327961904,0.430577240331437,0.460084028414881,0.411174268942162,0.447465641600171,0.417257589875182,0.538587748016399,0.457944393452804,0.462259489935087,0.357363984650286,0.416747912709909,0.410381249574358,0.442032069633992,0.490488272414895,0.44318695619848,0.432727565107967,0.503268863841295,0.468870255999744,0.438457443358053,0.395683557783367,0.396864046923905,0.434496640959206,0.424793057069668,0.386507397062889,0.350531689272162,0.353205234413843,0.352712737447563,0.36555444483206,0.327607013153605,0.367438620779486,0.380557720062623,0.349341469039817,0.279342197478801,0.379154793608132,0.344319316273082,0.314725166108518,0.344408832941687,0.346799531043501,0.356288887913355,0.342054938016839,0.351941600097302,0.366793686783481,0.421228915195785,0.431425179273826,0.386060050801799,0.338210323663728,0.329195368912441,0.371601919993563,0.222471540816691,0.158127025952245,0.22359230137119,0.451286766152691,0.316359409671091,0.405062719617172
"5",0.73751769609337,0.757575763414921,0.822553709245565,0.856167426251856,1,0.856227016399225,0.850609552063377,0.77035762814647,0.676571718291363,0.611845622440852,0.609636159596404,0.608430552137787,0.584922311563615,0.561238274994029,0.573429206418817,0.618904557604972,0.607662467437539,0.549605182058929,0.608358786584031,0.593453169887388,0.544888039514472,0.669630553747853,0.633044990421624,0.529127726393415,0.455776562991021,0.523552007135459,0.473543960387022,0.516298578222623,0.446896257552441,0.486420492124654,0.446236877880238,0.569902368748298,0.498976170481619,0.507599461973268,0.398299361105842,0.46883943662698,0.475581463612405,0.490766298038504,0.558454376776631,0.462317336782331,0.46142152532131,0.538217398308715,0.509920339553072,0.486991806736604,0.446330189545823,0.448655763824728,0.479937210877128,0.472678827516583,0.417724264833053,0.393053220738065,0.398027074621613,0.382655629303466,0.406807423180907,0.364289377477959,0.418996551010737,0.429056574235585,0.395800504442627,0.318649335560175,0.429975569081457,0.398339941654333,0.357472555036017,0.398254340924951,0.385460308044703,0.393017177038923,0.396220776221322,0.395691230501797,0.38894642716877,0.430041491474806,0.453618005480241,0.414023207218653,0.372954220161582,0.376665311449655,0.384755521666398,0.223753279880862,0.173493403001372,0.258979235447198,0.493091257526656,0.347876944854955,0.436524993342709
"6",0.675735695314052,0.705821223840536,0.851273399466963,0.791573631904759,0.856227016399225,1,0.924823325930347,0.839801570366897,0.726064280650182,0.659964190744329,0.686877423693585,0.763172222249399,0.784209149485707,0.74511069810741,0.677653055453557,0.738974932748966,0.701520365592063,0.593967258337404,0.652892233556942,0.645544783937421,0.599487415802941,0.726300596868298,0.696561817756261,0.631576195939383,0.507165753804612,0.543087488473191,0.51405790722572,0.524806070160257,0.482146211394176,0.526573852432912,0.504762598850159,0.60835017702904,0.519449356391485,0.523100457721795,0.42722783386586,0.476229675251237,0.491822637779618,0.507375213625589,0.55517580393455,0.481622328669016,0.504902244900477,0.560242675269442,0.527808309855364,0.506150485318347,0.455569487619498,0.451349316191165,0.480305333551122,0.4721662140609,0.440469683872285,0.411868499158841,0.423310763522891,0.408882800921923,0.426340878203635,0.375422674911132,0.426804197240187,0.443772712530624,0.410863563022334,0.327374576124926,0.423076827806442,0.393518853160057,0.356484123864226,0.395715628667268,0.384375579710709,0.397415234874592,0.397331226446246,0.395054544923555,0.387581992657933,0.460283960947221,0.473358104812734,0.41204807697841,0.355772169959795,0.331570726088389,0.357212464535113,0.202048630507931,0.137347907549252,0.228185219687947,0.4840087914129,0.379753274837624,0.440184947671942
"7",0.669279178063789,0.687905774140394,0.832836134418788,0.785128493646264,0.850609552063377,0.924823325930347,1,0.863769327015038,0.750795911069288,0.68090684354802,0.694019885213513,0.725100227072549,0.730739343494008,0.680681340001979,0.642966480529248,0.685396604404243,0.650181690578869,0.566694833349511,0.61456496844992,0.612113622840911,0.540758626705576,0.688190738658227,0.654323326851857,0.596373035707483,0.482983006117933,0.499530148027552,0.44880251741056,0.472342462828841,0.40452204861407,0.477367549144492,0.438809755560149,0.555536699493893,0.461793436050438,0.474456501420625,0.362160499211621,0.421019037404981,0.448418020454458,0.456153845111249,0.512284813045423,0.447436598125029,0.451703633992044,0.516760742110641,0.484719991930371,0.455560259110396,0.3995023909758,0.390718163040676,0.422450648623057,0.407358465267068,0.370375137932803,0.345527781720389,0.362335101465673,0.347040181091471,0.367961647870957,0.315449159776151,0.375069224461424,0.389068787407373,0.354248120221253,0.268066035978694,0.378998017448584,0.370871670847434,0.32539709780927,0.378582160653646,0.353172757949578,0.347534278568964,0.370830319701255,0.392374414245491,0.403672046045682,0.457077803006269,0.491219439053863,0.441942494856813,0.358559157079226,0.358936747508142,0.361853010320801,0.189986075792726,0.140468101597617,0.216551757703517,0.474616974533516,0.384989289178814,0.453776009860936
"8",0.600348775163382,0.632074897900135,0.746443834782883,0.707314142283551,0.77035762814647,0.839801570366897,0.863769327015038,1,0.915169609265839,0.867392589972872,0.867709635184665,0.84707338495325,0.81986557425646,0.738352649110193,0.740219303253432,0.760915097524883,0.722292134450961,0.638860995057164,0.630851047263585,0.626023836906378,0.605482596568756,0.720794115567563,0.714800704736254,0.655356644307684,0.547126035401989,0.547734758270202,0.486591380255489,0.534997230100033,0.436522082605408,0.494281328111487,0.440750140364035,0.566244630371897,0.48805283954261,0.512883633560951,0.419725872247027,0.504242363187687,0.521338159312955,0.497633529541206,0.567013396414637,0.489537786567738,0.494459270538122,0.570570889713746,0.517615571386385,0.490337186789016,0.439437219743024,0.43034466398872,0.447813120499123,0.432340905418752,0.402970993235615,0.39080480535766,0.408080526648126,0.373625479485625,0.400969178113421,0.344964184953665,0.41279931659906,0.426793341964242,0.396924342924824,0.288741543387688,0.394706091998507,0.383289961179349,0.339552289464572,0.395630766327602,0.376566909019964,0.370258126566366,0.411979581673016,0.4112340959222,0.427398129694512,0.500869611967943,0.531158529815791,0.477394431056195,0.373171497993797,0.316129399532836,0.340320665517634,0.208815047613512,0.115597277584209,0.19970009412511,0.516681206981805,0.384327411946367,0.423208717447764
"9",0.530920693576726,0.559536557162679,0.653209721871593,0.622798680665214,0.676571718291363,0.726064280650182,0.750795911069288,0.915169609265839,1,0.953467101022593,0.935301293374896,0.829587541081155,0.768801499360573,0.681806759064729,0.74905858999268,0.720373029028463,0.667317328575771,0.595136909093418,0.562169037196025,0.562175735572177,0.519189286051247,0.647685832461188,0.633577895541622,0.567789666408089,0.469061003114924,0.498846736327319,0.438673823100291,0.47506153124275,0.389604110436616,0.442092984264239,0.38937933993473,0.508168526766319,0.447654914830853,0.480150363385803,0.381978189657938,0.439006526093422,0.482318060947611,0.447776520063724,0.505580808964686,0.450466214130407,0.442453271844077,0.521242940651273,0.469510862236752,0.44349532115827,0.386122596651333,0.381707580934429,0.38972394605085,0.378707969208468,0.363084479618315,0.357972782037349,0.36834636135608,0.34380521852339,0.379473915747414,0.31168921262459,0.382298688810538,0.394487683541133,0.364746665543668,0.2644171208498,0.367997675104461,0.346399090796937,0.312456070817549,0.35495285892324,0.339047130191975,0.336704440196398,0.368910013238618,0.375481629848789,0.408406547751269,0.502730621673149,0.50866050967056,0.456232291183622,0.356799182828573,0.278099952891445,0.300824872578633,0.193329683055058,0.0811990317479188,0.143995115887293,0.479122582423523,0.335010880902706,0.358541877992011
"10",0.466529236954305,0.513519051304154,0.603428764673136,0.563560489232816,0.611845622440852,0.659964190744329,0.68090684354802,0.867392589972872,0.953467101022593,1,0.957697632942061,0.845608973422046,0.760629469556427,0.667573461820514,0.737106602305902,0.704676728694065,0.629447519004777,0.552291357799888,0.509019300086191,0.514123915700685,0.512075031900498,0.632324620922648,0.624843406636933,0.583445285415404,0.462894362897083,0.466839681150077,0.409265531763538,0.462902497634683,0.360540150588773,0.402051632817902,0.361478621137835,0.465624854348212,0.41260221365893,0.442197323586986,0.363944544069674,0.420719594953129,0.468332248517556,0.420907783767146,0.489021927820579,0.425973123983741,0.422331947686334,0.494133778117896,0.436731278187988,0.416384878559751,0.368977973458402,0.365654714851383,0.375393568946016,0.365784813116288,0.340273524631417,0.340298871381049,0.351563668973446,0.324561731255664,0.351652490456964,0.296100535999939,0.35233074629308,0.363486122869998,0.343610410691389,0.247279640176076,0.332420655822439,0.315390013996471,0.287162013723351,0.318833593981582,0.303094608286171,0.307802238929631,0.347458521788483,0.346666012801453,0.385194236780877,0.498807588305065,0.486320776085397,0.442374369795955,0.347098492276628,0.264999087010528,0.292719737741847,0.188842058547958,0.049366221228865,0.129971376980466,0.446732385529301,0.327068608743248,0.314068476887815
"11",0.466429224609679,0.521195551955883,0.627042126632022,0.579798398906151,0.609636159596404,0.686877423693585,0.694019885213513,0.867709635184665,0.935301293374896,0.957697632942061,1,0.873626602016594,0.790496964599203,0.703887533254333,0.743396279806918,0.716981854883809,0.653242544365212,0.577799219588377,0.526767396289761,0.532642223663766,0.526078202080435,0.646104922689554,0.645349381330583,0.609706468768704,0.482213838002192,0.478480011596156,0.420352735576069,0.469797822325666,0.363451375876618,0.413624346810907,0.37467360488704,0.47308731820568,0.409215602865468,0.44287362338076,0.36220261415907,0.417564279328941,0.460834030464799,0.424448432829957,0.484534733143707,0.428888625428573,0.424903394457354,0.50243469939085,0.443085717496599,0.41589845949086,0.372675789267875,0.367113798680455,0.375934999772447,0.367299063631439,0.354761183138829,0.348957989433013,0.359184597504894,0.335401936272793,0.358131717025883,0.302903072009414,0.355268449846444,0.372667594509396,0.350705383977195,0.246274328270626,0.335461803810852,0.315706538434042,0.292424434227438,0.328657884822484,0.306745611799501,0.308005360779518,0.347217239545152,0.363576582586944,0.40533507794551,0.509334568415867,0.52239936645641,0.471168045557314,0.352517322026589,0.267040266401453,0.307150242305681,0.192037413969759,0.0458772326439008,0.131276914501283,0.45495980385269,0.349150217245623,0.345299156137056
"12",0.431508378586125,0.504664075149041,0.64341130856645,0.56210084615633,0.608430552137787,0.763172222249399,0.725100227072549,0.84707338495325,0.829587541081155,0.845608973422046,0.873626602016594,1,0.919184912957541,0.84923023996745,0.790267524683294,0.810970219067203,0.734821272699773,0.642579902955275,0.568637067952169,0.591306027685662,0.635255208228568,0.717773950946855,0.729492991130608,0.719766691894157,0.564753693513759,0.530432029677892,0.481717247978398,0.524434603861128,0.437510983917598,0.480708667616181,0.447952028267304,0.521449353153331,0.45050954380746,0.476426428908657,0.420796873409227,0.487573740130169,0.519691741031323,0.481958854561841,0.529118283501607,0.466214903523472,0.505174550183491,0.537712399114612,0.491713492184561,0.471655728818486,0.435768268635245,0.424022340813137,0.436600182371236,0.432814380204692,0.422644851343755,0.408576100439658,0.431732599119188,0.410800790113611,0.42015504866704,0.384409892017364,0.410098545306114,0.437712216903882,0.416982928126639,0.309468057572046,0.389875858789289,0.357895820702889,0.353948918127689,0.365770666520248,0.344770104488563,0.361918232821997,0.393149596102876,0.388273300537977,0.398288556410218,0.489407205250685,0.515743497139971,0.46586449476324,0.358405706753309,0.267392236255776,0.30568371441606,0.201747376537902,0.0720599171903675,0.176691964664228,0.476628177070792,0.408783957596156,0.405294378367037
"13",0.431445114066208,0.496256014203272,0.659465205368542,0.544201470130923,0.584922311563615,0.784209149485707,0.730739343494008,0.81986557425646,0.768801499360573,0.760629469556427,0.790496964599203,0.919184912957541,1,0.86720689730585,0.754550690104176,0.785342409131959,0.69713111455373,0.584097250432395,0.518595219728542,0.542766572551911,0.555514794563097,0.653589279456325,0.676141679788621,0.676510445755114,0.527792852035841,0.462532495207561,0.423046081582178,0.447781998607939,0.390479973071732,0.424493599980322,0.394720623623234,0.481798321588387,0.40155179075771,0.434265903512249,0.356944463501056,0.411643457766715,0.43958206478434,0.413030024898447,0.46107915503192,0.400589102732537,0.464645114407743,0.47335925168289,0.426482611369933,0.406394513305579,0.363664635237792,0.358524804555564,0.363614551345701,0.359619758550039,0.354604594736106,0.348709578904643,0.369495642206033,0.345128876146558,0.3611246582695,0.311258560746141,0.353205925037159,0.375358507123364,0.347407772346531,0.256705751055144,0.336988208371143,0.314765162619587,0.292364733344554,0.316045357361388,0.305997022433244,0.31592467012457,0.34201412750071,0.345569005067851,0.33819110542608,0.430906929574678,0.461809386720154,0.399299544997702,0.308686179566421,0.235311576468065,0.280578793950589,0.175740258157896,0.0671395596969988,0.151825266579656,0.446190835083522,0.357741607619228,0.374776582415946
"14",0.401008329252566,0.458424071648211,0.622783923543919,0.524432250838197,0.561238274994029,0.74511069810741,0.680681340001979,0.738352649110193,0.681806759064729,0.667573461820514,0.703887533254333,0.84923023996745,0.86720689730585,1,0.816585829199728,0.825709336964783,0.792287226793513,0.681517135117513,0.656144140619748,0.685080851959265,0.679327892853052,0.717948486335486,0.75634062069631,0.721200235797452,0.615174063499423,0.609716251932534,0.603235878502231,0.605850577179304,0.571764396130747,0.601611440972969,0.578299909269635,0.634526972826393,0.575388499700409,0.598680264543325,0.545156876538824,0.558363054760103,0.571731797125877,0.569354949939367,0.606619547423695,0.56844645773725,0.595069377842996,0.621261739448581,0.586402729563542,0.564962951444676,0.532654110366843,0.528742226836838,0.514661358599046,0.515994657291777,0.534566323815705,0.517875583509917,0.551547607653387,0.52730391554847,0.534512876204618,0.499841814448105,0.521588925625146,0.532728397409218,0.520291428241447,0.437267441598384,0.494650937939615,0.426542105490006,0.436198510800223,0.443843194330611,0.437218663170744,0.468092576369664,0.458582273663947,0.433120445269354,0.399267209942174,0.459158475506898,0.486726371429968,0.430283708244772,0.319769991957785,0.255514224786607,0.275180829765707,0.225248169806969,0.103143425975451,0.186439459720939,0.489238151765815,0.413932362200408,0.403439933987181
"15",0.41794293989848,0.46231824518806,0.57489836056713,0.531107268229237,0.573429206418817,0.677653055453557,0.642966480529248,0.740219303253432,0.74905858999268,0.737106602305902,0.743396279806918,0.790267524683294,0.754550690104176,0.816585829199728,1,0.806362522542985,0.776764598625939,0.696913640029905,0.680964473972381,0.676749934959055,0.639861302515033,0.696104936121567,0.713912773918456,0.628172357160374,0.553722633637622,0.621022319723652,0.623332130438048,0.627160024813057,0.581490577609338,0.622360727834597,0.592012996257219,0.646611265457038,0.597457483749516,0.624601215309621,0.569833615012919,0.574863192482862,0.562725398954396,0.596386362703347,0.627561842425526,0.599037893544783,0.59065183252395,0.649200335493211,0.6079701864708,0.588754750332562,0.568296034303249,0.565132183125407,0.546081232925002,0.543148420921286,0.571150958403442,0.543207831679509,0.56489317691426,0.552274946596644,0.566592515629905,0.535835134261844,0.562291149075882,0.570156283329142,0.547710009062272,0.470211389260994,0.529169755645293,0.455993126689083,0.475315765884366,0.48911847830697,0.475218829660621,0.506860592948703,0.506054974857479,0.466523269183246,0.417706122684554,0.504334506864888,0.505735728218465,0.473953953603307,0.343570098076074,0.293929555957742,0.285629558033152,0.259529281490757,0.134800056279486,0.198964103479799,0.506212188772384,0.451715343989947,0.431164150118045
"16",0.467741415296868,0.507867063197523,0.633917038511333,0.584059906410964,0.618904557604972,0.738974932748967,0.685396604404243,0.760915097524883,0.720373029028463,0.704676728694065,0.716981854883809,0.810970219067203,0.785342409131959,0.825709336964783,0.806362522542985,1,0.825176507506673,0.717894799365474,0.681941169180409,0.679589063255111,0.703415612824734,0.753833936380876,0.765844413889172,0.707969019983558,0.593420902860548,0.642084949860424,0.615758978863836,0.650289543622744,0.576051040741463,0.607355571842005,0.572401118043254,0.645944873388945,0.59446804246355,0.616357625992767,0.552237752183979,0.607153743948449,0.600935308303698,0.592685969817136,0.64682556096813,0.605374598481086,0.609840572495422,0.653839300451852,0.615982895640136,0.58486154582602,0.555248118907646,0.555640462339437,0.557604008764209,0.548471217538143,0.546879548183026,0.524554156955793,0.560720709787174,0.535255659269004,0.554785972298743,0.512421687509436,0.532974664558093,0.54500877578578,0.540657464086096,0.441493080719396,0.518968869083295,0.453758500002832,0.461242872587269,0.460654759639,0.458959892527784,0.488794188294133,0.475137630136886,0.464831578788158,0.431788828863694,0.506793528502421,0.508766743070647,0.464386259798688,0.346301564406113,0.277006084503092,0.293989308871447,0.251675546168762,0.113272061255689,0.201999434200461,0.537762108089432,0.423503583323927,0.413579134761501
"17",0.46955797704567,0.505400265693975,0.599974744664806,0.554371635430334,0.607662467437539,0.701520365592063,0.650181690578869,0.722292134450961,0.667317328575771,0.629447519004777,0.653242544365212,0.734821272699773,0.69713111455373,0.792287226793513,0.776764598625939,0.825176507506673,1,0.815331748106836,0.790934637006675,0.780591075661858,0.747635885136669,0.755003490094314,0.78769718864184,0.691000346250999,0.619526122980177,0.736437185191882,0.736407584080593,0.753238751864986,0.685593095783154,0.740942780737834,0.689833530997402,0.743848650477446,0.706332035568614,0.724759382345965,0.674937938469233,0.696395362770492,0.664041963207848,0.704122518925935,0.735326804637495,0.689053645192999,0.692385213352052,0.74088144273658,0.706060468851102,0.675995406403193,0.650589875314396,0.646093165372519,0.622434323944227,0.613909882458212,0.654890871327649,0.621281779726647,0.657837651649917,0.632394531143721,0.651943122470945,0.620614541612411,0.638601992345675,0.662297062269545,0.63517138881818,0.546323614680588,0.613194094158187,0.532351634640531,0.532343702903003,0.53749624707146,0.544737832171935,0.572659576371248,0.557851515500963,0.509070086752571,0.439977085279744,0.51726818535346,0.501298204724264,0.500055158475798,0.353784525390788,0.264752555402849,0.288223650643693,0.25747632795401,0.159636433849671,0.224195110571531,0.539334883933968,0.412833972995085,0.445675516667759
"18",0.444335206342264,0.466354397707065,0.513167033281982,0.493163701608393,0.549605182058929,0.593967258337404,0.566694833349511,0.638860995057164,0.595136909093418,0.552291357799889,0.577799219588377,0.642579902955275,0.584097250432395,0.681517135117513,0.696913640029905,0.717894799365474,0.815331748106836,1,0.74836385670609,0.709308333595097,0.688983399989785,0.702326928921298,0.723380992534689,0.62272099274634,0.595378301997805,0.707079624385182,0.672608229674233,0.697884487131486,0.632699960097849,0.683647883645858,0.628214090339772,0.682605741166859,0.657825709137526,0.681255467865233,0.638676377836469,0.668563665773136,0.620619743973602,0.653180227051319,0.681882168128815,0.650665954150473,0.627302152953406,0.693656341049014,0.671956787488796,0.635249684249998,0.624358597586227,0.603503663789218,0.584516234699886,0.585554888975001,0.625680774042588,0.599933240895939,0.632426356164622,0.612692190515624,0.641203153945805,0.596776215797302,0.607349720321818,0.639173715449123,0.615539584951388,0.518300361554639,0.592235730759484,0.507956672285706,0.523485618475834,0.524669882540233,0.52473922667462,0.548591056468216,0.55559923653156,0.504538707033132,0.422754661338066,0.484719460520575,0.478593832228489,0.464448626916701,0.327153848519813,0.251604208575432,0.258386543003518,0.22304647913733,0.152448480168717,0.210773403271532,0.521911129048615,0.393477968856492,0.418585637153668
"19",0.470603796830378,0.490585750136843,0.541594555366238,0.552391564661125,0.608358786584031,0.652892233556942,0.61456496844992,0.630851047263585,0.562169037196025,0.509019300086191,0.526767396289761,0.568637067952169,0.518595219728542,0.656144140619748,0.680964473972381,0.681941169180409,0.790934637006675,0.74836385670609,1,0.889345937323149,0.770290339982618,0.746272427707099,0.765541934658999,0.599883667344667,0.6099805915112,0.825364570074701,0.855114976437487,0.832690935309567,0.807251724363188,0.827568054444704,0.829033638339099,0.86135339598728,0.842372857464775,0.850602313908225,0.796767586146648,0.78185631682905,0.728259803127469,0.792431404755937,0.821769338382457,0.786104457113911,0.734285625357253,0.841149531588384,0.832694822258546,0.807366494224969,0.795388317924513,0.779417881774379,0.761590483294684,0.740904328963861,0.782461177843913,0.741271369752304,0.78477555375999,0.742315001141568,0.762196046780013,0.772267596059048,0.785016179278322,0.784235912397604,0.776281438981855,0.713222646403876,0.756919069240128,0.628416003799609,0.645763370246304,0.642972518207296,0.666607340860865,0.713200572431094,0.653203784781045,0.574522489665826,0.47766150215893,0.514877590541046,0.471240254008659,0.487963251112125,0.33418454650469,0.279304673158238,0.284652583290644,0.301837848541129,0.228395061728395,0.23309803244243,0.515781365834542,0.459774442630062,0.446355988698085
"20",0.452913059390543,0.480953506262067,0.544464256819297,0.563194368484015,0.593453169887388,0.645544783937421,0.612113622840911,0.626023836906378,0.562175735572177,0.514123915700685,0.532642223663766,0.591306027685662,0.542766572551911,0.685080851959265,0.676749934959055,0.679589063255111,0.780591075661858,0.709308333595097,0.889345937323148,1,0.781935719986917,0.749384254126625,0.763071768738548,0.613836175448408,0.625187745106972,0.795640892197983,0.821485606197486,0.816225959829155,0.789114215297267,0.822928671048484,0.806405705447508,0.831201745419798,0.79977883374912,0.804955840205146,0.773203226348349,0.750863180138711,0.718198072252048,0.778756967995811,0.784091723202326,0.770874948658418,0.723932141319487,0.808826908944232,0.801160121270412,0.767814693666982,0.740987001739554,0.723520002417912,0.714024850711452,0.705593653003441,0.749218682348054,0.698968185685257,0.733181280333013,0.711640837026663,0.724181946888029,0.724021507154282,0.723434167754646,0.71772525552948,0.708739373338894,0.65118234325313,0.705784612733664,0.593728374058947,0.611198084884696,0.605951599709727,0.620591465105291,0.665198878455053,0.600410027766265,0.52417805414515,0.455733193258785,0.501938523867425,0.462325630545719,0.471826342049796,0.320393590963345,0.276772435124585,0.280850227141313,0.267876477287718,0.240507914162588,0.225953721199844,0.487061121550324,0.416673273213469,0.425023083632302
"21",0.383779921173857,0.435411168087734,0.481394233739231,0.479895088202616,0.544888039514472,0.599487415802941,0.540758626705576,0.605482596568756,0.519189286051247,0.512075031900498,0.526078202080435,0.635255208228568,0.555514794563097,0.679327892853052,0.639861302515033,0.703415612824734,0.747635885136669,0.688983399989785,0.770290339982618,0.781935719986917,1,0.847200618147904,0.830636856694489,0.762522944496927,0.663051305706487,0.778151540984563,0.774855229596135,0.820499411534838,0.742119936458823,0.781157974993114,0.726021292981688,0.764013495477373,0.745346873418184,0.724696651158767,0.752518523472384,0.798891846303397,0.776589642894194,0.788395222956273,0.826985784056591,0.759464607261878,0.683092981925358,0.79138323661845,0.767810728610315,0.748936581449666,0.73595588615299,0.720811171317295,0.729847523721357,0.725627557899735,0.70883381460174,0.691876050160253,0.722781971758713,0.675761526190009,0.694852466353184,0.692624386984283,0.669652865012587,0.684024745050642,0.702138232025865,0.604212073429704,0.659967104565389,0.542652127396175,0.57169162259267,0.545606498954217,0.54667347741683,0.605182941796134,0.570189713016704,0.497384473940933,0.440448023306001,0.457764542596499,0.418863945705758,0.397331169382687,0.30593198828563,0.285852542627041,0.280795114529217,0.25468712817415,0.148866131914326,0.243971915686829,0.501503390302328,0.418334701368896,0.374620701390237
"22",0.50462236609836,0.543178496975232,0.618814204236108,0.600773134830045,0.669630553747853,0.726300596868298,0.688190738658227,0.720794115567563,0.647685832461188,0.632324620922648,0.646104922689554,0.717773950946855,0.653589279456325,0.717948486335486,0.696104936121567,0.753833936380876,0.755003490094314,0.702326928921298,0.746272427707098,0.749384254126625,0.847200618147904,1,0.866260021020395,0.801579371557871,0.639852443040157,0.749732024447706,0.704903622503706,0.762745690387759,0.673393887685256,0.72626349581595,0.654811242646526,0.712548269144429,0.676960690207811,0.680290983854205,0.65885587198986,0.731012475326722,0.706538428098035,0.717488242417906,0.77827655726633,0.719636127440971,0.658340609185523,0.742246451159034,0.699848175140658,0.67774210791604,0.653312635943752,0.645557008780546,0.6736408596499,0.672862752965705,0.636035144433665,0.625960317099951,0.646756898771931,0.607438404647168,0.625207769221977,0.599412682999948,0.60035963715105,0.618915042905294,0.634888447636393,0.526471539232927,0.60813025941578,0.505041606035797,0.52010818958263,0.523849313784426,0.507859541344666,0.56483599411649,0.54004927966785,0.490341650787798,0.434747456106072,0.506077661404682,0.479508289940276,0.420532694656976,0.335197884160318,0.3378489525055,0.336180128162169,0.244046973123887,0.136667255681419,0.250565380053052,0.576442119959831,0.43335730382984,0.420966754493983
"23",0.464845850845735,0.521513415918792,0.594799361589221,0.562101955663902,0.633044990421624,0.696561817756261,0.654323326851857,0.714800704736254,0.633577895541622,0.624843406636933,0.645349381330583,0.729492991130608,0.676141679788621,0.75634062069631,0.713912773918456,0.765844413889172,0.78769718864184,0.723380992534689,0.765541934658999,0.763071768738548,0.830636856694489,0.866260021020395,1,0.82958058848571,0.671166690250038,0.763950895782833,0.751968379989205,0.788497731380161,0.7045430556538,0.749262973322917,0.716291775070591,0.753121599298244,0.727077054899567,0.724760396949998,0.709878650630191,0.75882870317785,0.741765373030283,0.75319698706575,0.818813228199615,0.728967404521353,0.68847752879195,0.785928486129756,0.755453759586477,0.74089458427739,0.713926682170373,0.703044330533774,0.707773577696061,0.699548162743895,0.686598198852554,0.671192608309999,0.701060451448184,0.638651548312784,0.667558460448995,0.649802001179878,0.657951721854504,0.66835309352874,0.675472667410953,0.574828864685096,0.630343353570194,0.533429210640575,0.54412746015779,0.547942045040274,0.55321478710682,0.598785923764539,0.580225325460456,0.507351473939602,0.472289349203677,0.521352569180997,0.514401944524759,0.47946430646077,0.353935399672177,0.321400851456724,0.340021217986024,0.261782526800411,0.150076953907036,0.243919828297528,0.553421637405613,0.453702277158108,0.446643154529395
"24",0.387688399466915,0.456214220277801,0.529670293734934,0.476124086986808,0.529127726393415,0.631576195939383,0.596373035707483,0.655356644307684,0.567789666408089,0.583445285415404,0.609706468768704,0.719766691894157,0.676510445755114,0.721200235797451,0.628172357160374,0.707969019983558,0.691000346250999,0.62272099274634,0.599883667344667,0.613836175448408,0.762522944496927,0.801579371557871,0.82958058848571,1,0.651176535526657,0.615829836590643,0.567935037380106,0.644115015164168,0.524890968639754,0.594589223463465,0.531444996493539,0.559014590466753,0.523744076850487,0.519790216183073,0.512678271889075,0.598943164675066,0.59570818946042,0.59423443824005,0.662008547585292,0.573433147811078,0.552347664739178,0.618933206893525,0.546716808806773,0.527551127033297,0.496093647998169,0.486032495705131,0.50836640168322,0.519185162882258,0.498327781310034,0.488398672880023,0.517829878178586,0.495101811879966,0.491874207707863,0.468327542655064,0.465420221490129,0.473005494959393,0.487181314560925,0.381883961755656,0.444696431690434,0.39065403505695,0.39538692822746,0.41896839358175,0.386224626872477,0.407068226401654,0.453415189006902,0.406724953147317,0.374249599978109,0.421131803495074,0.442535394441401,0.38616907891905,0.301105505666918,0.296330161463766,0.290626316014977,0.205675110225627,0.105333362976847,0.235181674274889,0.464876324956694,0.407157222244231,0.396114220987619
"25",0.363556904546996,0.415400581411365,0.438067806407173,0.423685222775112,0.455776562991021,0.507165753804612,0.482983006117933,0.547126035401989,0.469061003114924,0.462894362897083,0.482213838002192,0.564753693513759,0.527792852035841,0.615174063499422,0.553722633637622,0.593420902860548,0.619526122980177,0.595378301997805,0.609980591511199,0.625187745106972,0.663051305706487,0.639852443040157,0.671166690250038,0.651176535526657,1,0.645951365482249,0.582891694212212,0.627828962953866,0.547395953454976,0.583667700714166,0.552352095268659,0.568432123610109,0.548773697458331,0.557816521125098,0.548535160793147,0.57200737909852,0.560032039113086,0.568311184749884,0.577590085530049,0.552095033083338,0.541203249149659,0.624590138225553,0.573543626032065,0.544034179223557,0.533569506196355,0.523426596765646,0.506426091870973,0.501221414141572,0.517346581253211,0.490877722572782,0.555295883544806,0.491410379020462,0.523504069354474,0.499958494566218,0.486974010098964,0.525505474200789,0.526114090316573,0.44349845419782,0.454301123223532,0.379150888709929,0.377450747583591,0.401354618744407,0.385993769148385,0.433627007151718,0.437136373671095,0.420410660727308,0.401553792704871,0.398742116474368,0.422647375333735,0.364170681157797,0.255609879536963,0.254480141663189,0.254293180050613,0.199066552765323,0.105623105709823,0.17229516233603,0.397645197313084,0.386758564548893,0.382367376069456
"26",0.392729091220993,0.42111955858945,0.452749720487861,0.476241327961904,0.523552007135459,0.543087488473191,0.499530148027552,0.547734758270202,0.498846736327319,0.466839681150077,0.478480011596156,0.530432029677892,0.462532495207561,0.609716251932534,0.621022319723652,0.642084949860424,0.736437185191882,0.707079624385181,0.825364570074701,0.795640892197983,0.778151540984562,0.749732024447706,0.763950895782833,0.615829836590643,0.645951365482249,1,0.876968690404466,0.853093688795757,0.825947838086174,0.821753213307776,0.814152436535807,0.829193641661066,0.850016626651676,0.850905392791516,0.824614652543289,0.824635882322937,0.774511308659303,0.803576163505452,0.839494040152107,0.830187516468315,0.747352871569206,0.866238574638197,0.860969589175275,0.836415920540725,0.826652465618248,0.812233784564733,0.797319266015227,0.781525987895627,0.813296758952451,0.790088782238048,0.822017085631831,0.752011156399922,0.806955512718488,0.794920442606333,0.792858854691756,0.783339217701377,0.81137056067347,0.755415585416196,0.786597381143103,0.625578069806788,0.654544740708131,0.639357202938722,0.674015108918646,0.73151248180878,0.633773420492486,0.544764421917597,0.446037403362488,0.474844180068744,0.418280690843665,0.409341314688516,0.291146544141194,0.247366635721151,0.254857098588511,0.25157095117962,0.211813544164101,0.237554930809708,0.524892735006091,0.406197697806297,0.382886674858925
"27",0.360929538750638,0.3827827543789,0.420340018999654,0.430577240331437,0.473543960387021,0.51405790722572,0.44880251741056,0.486591380255489,0.438673823100291,0.409265531763538,0.420352735576069,0.481717247978398,0.423046081582178,0.603235878502231,0.623332130438048,0.615758978863836,0.736407584080593,0.672608229674233,0.855114976437487,0.821485606197486,0.774855229596135,0.704903622503706,0.751968379989205,0.567935037380106,0.582891694212212,0.876968690404466,1,0.871863827648121,0.901952637043816,0.865883020228947,0.892688916144492,0.896707979110623,0.90989199506075,0.896623892364412,0.894063379523275,0.849122941060352,0.790956923515224,0.853967906469288,0.873629460575787,0.863642563712248,0.790793023243304,0.892350754249664,0.898769141081226,0.888439990576716,0.877380415168909,0.874057345233754,0.848998627510249,0.833576684865785,0.872088425404302,0.835641816901226,0.862127597428909,0.802061883843316,0.833573877386787,0.844176369324935,0.845768695485516,0.816441364692434,0.835997517292622,0.804640460479147,0.816093262149158,0.658837566053753,0.693415806881294,0.654133733473851,0.705746464659576,0.774937644276867,0.649728901629389,0.54140615608891,0.430782966930339,0.464484171222862,0.407189802525114,0.409849033882072,0.26338932504253,0.199455095417029,0.212833334439856,0.278593066250922,0.21210212195342,0.215875488852442,0.477904634049385,0.375387921743878,0.34675234190476
"28",0.372941922768876,0.413099485589588,0.432239956578171,0.460084028414881,0.516298578222623,0.524806070160257,0.47234246282884,0.534997230100033,0.47506153124275,0.462902497634683,0.469797822325666,0.524434603861128,0.447781998607939,0.605850577179304,0.627160024813057,0.650289543622744,0.753238751864986,0.697884487131486,0.832690935309567,0.816225959829155,0.820499411534838,0.762745690387759,0.788497731380161,0.644115015164168,0.627828962953866,0.853093688795757,0.871863827648122,1,0.837812628306263,0.838427565957168,0.820947032897065,0.843744623774459,0.839326997623979,0.835627418006131,0.822620497444376,0.831977467996455,0.782296648037562,0.830327178603452,0.86856600051992,0.829470281678546,0.745559353942379,0.85553254766712,0.835911134450479,0.818969212665057,0.824814193973515,0.815494545702269,0.804129732682402,0.790400116035991,0.809172400010408,0.788818623380778,0.823404072446803,0.758232355146108,0.781282410975986,0.792238893297548,0.784268749541575,0.793367927068301,0.800688025934537,0.746043730100437,0.76032025279799,0.611954239068167,0.642773116596128,0.61488647608198,0.651690682436315,0.71917493245962,0.645516716598571,0.539974238568093,0.44609539602844,0.483302319739782,0.418070659106136,0.44162235204766,0.289616495284914,0.257606124183882,0.261886350066492,0.287332970104655,0.192775642813738,0.245052670143425,0.508175666135506,0.420756017173756,0.380365233593289
