"","V1","V2","V3","V4","V5","V6","V7","V8","V9","V10","V11","V12","V13","V14","V15","V16","V17","V18","V19","V20","V21","V22","V23","V24","V25","V26","V27","V28","V29","V30","V31","V32","V33","V34","V35","V36","V37","V38","V39","V40","V41","V42","V43","V44","V45","V46","V47","V48","V49","V50","V51","V52","V53","V54","V55","V56","V57","V58","V59","V60","V61","V62","V63","V64","V65","V66","V67","V68","V69","V70","V71","V72","V73","V74","V75","V76","V77","V78","V79"
"1",1,0.834645918124719,0.450057074458491,0.490823015575962,0.207143698428924,0.214577805621272,0.289364113275547,0.250232085077064,0.212116671734102,0.233869052570297,0.245359095066724,0.22956749120271,0.255276370033803,0.269956254633577,0.318196780746033,0.276648653637323,0.2746909951476,0.250945867255719,0.277295043169434,0.272536955167229,0.243348247651074,0.262926653088216,0.234712811868011,0.200686053230701,0.210597911517965,0.193179590714328,0.210275424359991,0.196482602179172,0.167097282189284,0.220747519812041,0.183122287248177,0.183042965485177,0.22657607951894,0.190683700651853,0.179521817264773,0.153518803301842,0.116689386069744,0.245642409823817,0.196969116956822,0.15750627971819,0.154353440823272,0.295156247517963,0.179858510544012,0.243507108496292,0.181889425572269,0.193802103793742,0.168180529947897,0.144124128590373,0.155515935387899,0.181106319424598,0.186659834216188,0.19926540924934,0.224693668631478,0.209435039525468,0.169705393474814,0.141952036633351,0.141721970218358,0.162228726539234,0.104408823364976,0.0998636852012433,0.132248425099908,0.135525961781814,0.153942907618139,0.139701592616044,0.135057463876465,0.123066184480274,0.154708381757181,0.105467045877748,0.134488708350445,0.127978728999608,0.106879040996763,0.145717046203393,0.146421152155655,0.0619668331489709,0.0889498473641572,0.109223904361747,0.118178777978527,0.102880279792833,0.116695062853698
"2",0.834645918124719,1,0.611390331461698,0.623025488017351,0.313544147953961,0.350989400449266,0.399189802279841,0.368306739404106,0.35643126230009,0.353492424520165,0.376242322273191,0.332409859797361,0.373408316788838,0.420596682976226,0.440961401782127,0.414519159456769,0.407472607212519,0.359343734792602,0.350260322029006,0.368264134453942,0.32667388074809,0.365161532917708,0.349042363396891,0.296368356419306,0.254668833789937,0.295057576656299,0.311870460363769,0.257758056663609,0.231767080715404,0.292967313632731,0.270696769109101,0.263141077561533,0.307208447131671,0.280870321072842,0.274483549521747,0.233853670390686,0.197780269148123,0.339340546250155,0.280748694544988,0.255499618279601,0.24630869508565,0.402231575416299,0.295877124747981,0.341797071929108,0.27779618551593,0.303251489457854,0.283455557283727,0.269076231926566,0.23668049047706,0.288223020190919,0.30667736629752,0.323140123501885,0.345859149127705,0.312986349223398,0.272794264799689,0.241236965369828,0.224556687397669,0.241277543059339,0.197386803037531,0.161102898860164,0.164716425291803,0.254022565947028,0.248717304913094,0.209107740187884,0.217204360514758,0.205802177398555,0.255901114911546,0.192023294352519,0.230570864520462,0.215385486637106,0.186667606302477,0.220008298740432,0.238447605296558,0.134656385447918,0.123030631618738,0.133847377407717,0.217637337651504,0.162166426366573,0.207093221252107
"3",0.450057074458491,0.611390331461698,1,0.711322932497894,0.418516663321163,0.545614732181222,0.548721610625663,0.542120692766146,0.527907061630062,0.493300714568375,0.486484107030076,0.475503085364966,0.501821200282919,0.537231393297276,0.513373967828622,0.494854088495948,0.492988656334165,0.415675809718566,0.41559309863676,0.488660741751161,0.440739647310507,0.494396359026754,0.459302457775364,0.395803258197745,0.316932481135022,0.419255994504296,0.444273194183706,0.388865778289829,0.311617899570449,0.398005177514801,0.375050374352553,0.35531260103149,0.381745376301654,0.367876657436169,0.348332825533416,0.324351426404022,0.289040042062524,0.421489709219228,0.391715358635391,0.37864954191045,0.338074676022927,0.445094878544088,0.411170332463153,0.454355832184757,0.399733445278219,0.376687865323194,0.388706955127755,0.326961654473514,0.300266104928764,0.368036743406692,0.424938624360204,0.469868598333777,0.408919974388419,0.427340416429283,0.392866564300322,0.334010447370088,0.30171747011435,0.284301822445076,0.250638745822719,0.203100493307125,0.210135123959271,0.330187827615101,0.30636079143339,0.237894315154873,0.272139030735833,0.251534518453165,0.298585913647632,0.262351761011757,0.308909106331302,0.284386031331171,0.257422294510615,0.259935307603054,0.296718797282706,0.176903552543199,0.191975432425859,0.143785119459374,0.28197216477405,0.220549456865216,0.267807445637839
"4",0.490823015575962,0.62302548801735,0.711322932497894,1,0.402517649647403,0.459298185121894,0.469023697812049,0.438456364666378,0.418415170386069,0.429632436035269,0.464391018817919,0.434391232458206,0.469989273947709,0.506501273481049,0.530590540363396,0.488498300335727,0.476155479478916,0.418525804516656,0.396609636775035,0.441567989242941,0.40281474366285,0.428966835689217,0.416795725737792,0.351517037471986,0.288032102470195,0.376204258984751,0.393230258464049,0.342209091616656,0.280994670854552,0.361800280358955,0.350818454290846,0.3351955486325,0.363056028231843,0.349488952740232,0.328035905658244,0.299162836765943,0.301080343546734,0.386694272670179,0.350804215534249,0.322959635338507,0.324534318628589,0.439281649723837,0.375176730076937,0.425160705850434,0.355560565196684,0.35502091108156,0.369446839552048,0.323611779958631,0.288750929636463,0.332950272461698,0.381198775857353,0.411934463878933,0.41931425272323,0.403212602366394,0.361349801626442,0.311620663654593,0.306725269544668,0.293098947891725,0.227967125626284,0.21628285123138,0.238171285310231,0.362823727442601,0.331261683303913,0.236039680876352,0.287308037061593,0.272441219489097,0.305913604676579,0.247412564088735,0.311307111106001,0.28163204106797,0.253486579429044,0.278243721270773,0.324563963167036,0.177890760170992,0.160720762318158,0.181609889564344,0.270882688111069,0.206055266035745,0.267089540286105
"5",0.207143698428924,0.313544147953961,0.418516663321163,0.402517649647403,1,0.779292661832446,0.603773682123517,0.598027048229679,0.567239493042229,0.682072723425568,0.591643194489806,0.575990158196086,0.46571303532443,0.422978656839055,0.388507457452962,0.349136444165269,0.335110757154008,0.30931318611738,0.290047695042897,0.340411676791939,0.299789160936998,0.356960894776788,0.344482206395398,0.294243231912672,0.202434807686146,0.268010559662278,0.29376633527155,0.25628801959945,0.242204317409551,0.252605501250329,0.240554318508432,0.255095097187278,0.262370690647996,0.281485248926262,0.282329599998862,0.215259916638376,0.227507063527618,0.24775824169914,0.258189306171398,0.241369790652606,0.199922127885787,0.277582859716193,0.29211763034259,0.301016975921896,0.261798704933575,0.23426743409644,0.246118124336013,0.229739462288629,0.219319956892342,0.265853188917547,0.270510986287267,0.303739147315808,0.275350063727641,0.296978527534813,0.263035814852695,0.24652481042069,0.210233998848286,0.221599456069468,0.185080420764419,0.153693863803532,0.12961791586586,0.233508177709394,0.236354623532884,0.199286179190349,0.229742472584436,0.249789620258216,0.213763045152993,0.191709202164976,0.228680680685095,0.216433402359468,0.191542522110644,0.233631532512528,0.221465074645235,0.167939118936558,0.166717279006175,0.0957491248851787,0.205920351350752,0.155506905223722,0.158725961983355
"6",0.214577805621272,0.350989400449266,0.545614732181222,0.459298185121894,0.779292661832446,1,0.74636255453312,0.751547574516438,0.752368571357394,0.763941244112479,0.697268339833376,0.668359163065924,0.578141939155751,0.581163500524325,0.512855680454681,0.494959788781095,0.473285981812744,0.4350559657451,0.429484283612886,0.491494648964398,0.45503210660957,0.527421434813529,0.483623821937458,0.434101459439507,0.313715406152158,0.426268229043158,0.477017347704887,0.420267016283652,0.405731736968567,0.417277799786321,0.385193757230447,0.393219184075475,0.410686893759891,0.402484771236505,0.455663338773341,0.359979985859535,0.331576281407642,0.394499067558575,0.393992707373319,0.377478991523147,0.299873635269901,0.41316541349334,0.443549844430091,0.462262675905999,0.42717080803259,0.372017112566466,0.378437051945807,0.340167525316322,0.33326982044479,0.401415142687486,0.455697763570409,0.45351023492716,0.406449370786648,0.454107047525049,0.414140176664853,0.386039698503401,0.321227014461225,0.318278237011206,0.270450994816502,0.242163033882801,0.21518195020221,0.314546487437559,0.31131341493537,0.257345423852207,0.310968431671399,0.336163726890016,0.317751794131573,0.270692148646827,0.309109872670252,0.294799063665156,0.299712297026328,0.312410402250294,0.306823828364238,0.224139626699694,0.177793696076173,0.120812360015393,0.261957323639995,0.217555452620511,0.254839614336555
"7",0.289364113275547,0.399189802279841,0.548721610625663,0.469023697812049,0.603773682123517,0.74636255453312,1,0.868440514926542,0.725801647291423,0.751825569947818,0.732465719862926,0.700275340000765,0.604093720327414,0.613012732260412,0.54398581747128,0.594036590825343,0.627138033923299,0.640073487463831,0.536056346272715,0.623380989125856,0.636983747037869,0.670063678891867,0.695022486066931,0.680861007923762,0.566881135194116,0.599827320821195,0.711710894245914,0.656133997818939,0.619822818118511,0.660525798017651,0.590957146962504,0.623139783697365,0.629942383775735,0.555035961018225,0.595252419209065,0.543117646269666,0.488913836866638,0.554696276183727,0.535162427251275,0.482882414139057,0.427288509183155,0.546975223126181,0.576315324546405,0.6101547681393,0.625936204381089,0.483394452708825,0.494985401033999,0.426537575970971,0.515876769941308,0.513556619220383,0.588771752174574,0.517157735949613,0.425266120074586,0.493127324122292,0.482196232885014,0.399988354138719,0.354247030736918,0.331370026188053,0.278202307981618,0.253890922157296,0.243636327524686,0.306391106504042,0.312071577258969,0.246834721222922,0.302521399674018,0.331025245692668,0.336601128281188,0.268857767039831,0.307232356696265,0.277869208008183,0.330247787014687,0.305749285611344,0.302192912227996,0.182608345928346,0.182182007932934,0.0928880902441783,0.232018322960431,0.233440160327811,0.292976717599581
"8",0.250232085077064,0.368306739404106,0.542120692766146,0.438456364666378,0.598027048229679,0.751547574516438,0.868440514926542,1,0.831751507774226,0.782489341400506,0.746514423753769,0.76298570534457,0.668114414478597,0.636436635139653,0.552731523265535,0.599921800894635,0.614926635745766,0.60567601996455,0.559072041963537,0.65744607822919,0.639225868280503,0.680775357610189,0.669702787249961,0.632459415376615,0.516866868993557,0.587063298524818,0.681015528329415,0.63234542754956,0.568690353411768,0.609992748917993,0.549019213260765,0.567210227026297,0.594525891800204,0.499367296618491,0.569908411724105,0.5196798446589,0.446614644075928,0.503135182104211,0.501589281975621,0.434315044866404,0.37300635452569,0.513469628707159,0.540656975862657,0.582010994909112,0.586553602367217,0.464265483978415,0.473762807440433,0.396895740537769,0.43329706475423,0.473322027118216,0.545673810336082,0.541527018996955,0.467242053420911,0.51596931517881,0.4911941161548,0.403816557225915,0.357327263633398,0.316547724481107,0.259850348630593,0.260132105473517,0.23621645345341,0.307049610387431,0.308382055655002,0.230434726520496,0.293845013593363,0.303362266621242,0.330736055904578,0.269486419794272,0.301763772120777,0.301918287866968,0.317072803819248,0.303276956987285,0.294161252375097,0.160322950013982,0.153148028421466,0.103344452435003,0.245886532054731,0.234949105495922,0.304553709220283
"9",0.212116671734102,0.35643126230009,0.527907061630062,0.418415170386069,0.567239493042229,0.752368571357394,0.725801647291423,0.831751507774226,1,0.787416000738196,0.703534660818522,0.682718403713043,0.658419985596216,0.669045503922331,0.520352305419883,0.555067579916206,0.533044041820703,0.516421506793394,0.492065105190649,0.55360306870748,0.52473406913641,0.562597564157086,0.547090559941616,0.508346073379144,0.374033929262522,0.518263185918254,0.561203783613319,0.512753878874052,0.469154318358705,0.521401541421186,0.442940133131564,0.462628146256468,0.485002466588277,0.456694800673288,0.510439351694353,0.443181158761784,0.359364187262374,0.434817643583392,0.43750473325362,0.391801343453749,0.312591332405651,0.448249530282263,0.500840786512477,0.498315678683371,0.502932814864203,0.414363533405572,0.421892614468505,0.358745122690966,0.346912512667891,0.405518431319727,0.498371311475142,0.525976611780001,0.46723384067689,0.499122062927231,0.477586225964666,0.389764182295234,0.318708894352387,0.296371883268366,0.249389235456242,0.249230963605736,0.19643243901701,0.299992074762299,0.300254222078949,0.221801811746214,0.275427195317278,0.281407740274947,0.323203714997591,0.26840234404647,0.279278215224985,0.286699494788024,0.281326486212767,0.27224203433793,0.289745953311489,0.152619844101033,0.159680885456396,0.111027562343667,0.242329540606762,0.217537800803454,0.303276037331082
"10",0.233869052570297,0.353492424520165,0.493300714568375,0.429632436035269,0.682072723425568,0.763941244112479,0.751825569947818,0.782489341400506,0.787416000738196,1,0.814586192397186,0.763741121879446,0.644447051743782,0.625945390993923,0.549232009947916,0.56636278656718,0.560650574253641,0.535550945116162,0.488451292613659,0.552754789745681,0.547780795715349,0.598783181345202,0.592714390538594,0.549544428896318,0.388728769591187,0.518048708456605,0.569480861762374,0.519140789143242,0.473176507355891,0.505938296117304,0.473837452659165,0.496225240513394,0.529335006023364,0.481597644448129,0.500324087325323,0.440648869983281,0.391016233984297,0.455638990840836,0.4672705992492,0.406435135864315,0.357738188062236,0.465488451281547,0.472098487953431,0.497712932212108,0.488976831186128,0.450512422051893,0.443830224920528,0.391138521115785,0.399606330665929,0.450573212025451,0.497378528465927,0.506088356788236,0.442023253686322,0.479754324377494,0.453786495486347,0.391053414926442,0.349468388270797,0.329871982426464,0.290249945778621,0.284088277612605,0.225571111510036,0.326601755860049,0.32951798295923,0.254358467320864,0.312902762320783,0.348506552518538,0.344770182833552,0.290480535819204,0.318701131066302,0.338603698582407,0.314994345569398,0.316286659149176,0.319681573015914,0.171382295662732,0.159631876443675,0.11974225367644,0.258614628448086,0.26491182237227,0.313256175110339
"11",0.245359095066724,0.376242322273191,0.486484107030076,0.464391018817919,0.591643194489806,0.697268339833376,0.732465719862926,0.746514423753769,0.703534660818522,0.814586192397186,1,0.779180158431584,0.634991073519848,0.659056038493138,0.613060097584867,0.604117975845812,0.62042073664775,0.609591054392267,0.544358000036168,0.565429935891851,0.584892931497983,0.606868120260572,0.630776160866339,0.567588938534934,0.433831897749592,0.545075697480365,0.602553721238209,0.543833549743242,0.501442642545064,0.530682288991747,0.494951435457421,0.538414234585855,0.554116547443343,0.516665940900954,0.522395637018924,0.46096005221185,0.420072445778957,0.472687067888801,0.479425366079748,0.422053629073217,0.362852845196817,0.491870244781195,0.495563859534685,0.513278270081685,0.515645286271376,0.461394996267105,0.45721856979304,0.401296522331937,0.433878356946974,0.469785710515575,0.521960738217987,0.531840357936427,0.477898676569264,0.526625464201975,0.498822775210752,0.436300346188242,0.391145724149722,0.378955761185986,0.33540167369957,0.311619257145392,0.269759491382708,0.361484671844118,0.361343923831495,0.303013603762744,0.347982720589304,0.374024422517187,0.38034967945644,0.305640648171957,0.349570219616157,0.363710386669493,0.344575796715412,0.346926082361586,0.343154017850267,0.224513681334871,0.175906482159677,0.140982993824642,0.292430845866628,0.271154327799077,0.31148756346693
"12",0.22956749120271,0.332409859797361,0.475503085364966,0.434391232458206,0.575990158196086,0.668359163065924,0.700275340000765,0.76298570534457,0.682718403713043,0.763741121879446,0.779180158431584,1,0.679576489431898,0.616932573347054,0.559899235007067,0.586330401284119,0.562617761604312,0.583106379617934,0.527927132792727,0.586779265806559,0.560876238183006,0.599359415105822,0.602807023183225,0.5199951744123,0.392938343057784,0.537815646129118,0.578107438649203,0.521392835014087,0.46242197463408,0.488006892189338,0.458190264406014,0.461385513520148,0.498605227891957,0.461094405099171,0.473598988469906,0.412245265924477,0.388618903648705,0.417348998595171,0.430324449818078,0.36770897494911,0.305375146400186,0.441771398850563,0.455594392331559,0.485028019744226,0.467768796704049,0.419094431339391,0.446326202485296,0.374307615188286,0.35670404113328,0.398091511258853,0.488549165637352,0.51210836193282,0.476794816155226,0.468179161174066,0.488806995183403,0.428118756429514,0.378117357248065,0.372458114499907,0.310339042053886,0.291631862442552,0.242209657225197,0.331792559150525,0.327275851890681,0.257263954935528,0.306069723494727,0.316855249716239,0.354898660455012,0.301422197667404,0.332006667498074,0.348517149009082,0.312941720817191,0.333910728834965,0.334460939652851,0.189614790588151,0.190071219546658,0.13689013885239,0.274483248942053,0.271660761301901,0.320292652747328
"13",0.255276370033803,0.373408316788838,0.501821200282919,0.469989273947709,0.46571303532443,0.578141939155751,0.604093720327414,0.668114414478597,0.658419985596216,0.644447051743782,0.634991073519848,0.679576489431898,1,0.728274179924625,0.62527157976686,0.598989214201431,0.581566086394212,0.53383711447216,0.506371342468243,0.593225300409888,0.527278622099553,0.562362293613353,0.53711969918225,0.480375264955689,0.35865232438419,0.497879175914049,0.532929407870512,0.477599531342371,0.385604748611534,0.466154336203068,0.470519475768808,0.439807438616118,0.489433121305703,0.455813068940817,0.476858914940893,0.450794934968874,0.370120963715434,0.429697295484398,0.449319466659899,0.39279540186619,0.339409675295062,0.494980625004067,0.478870951477494,0.525381263902226,0.469654636380554,0.442337269000823,0.482132140679115,0.420953580830561,0.352907436575017,0.398664752062203,0.470936848884779,0.516488642824751,0.47301323362921,0.475575758121602,0.473432902179611,0.419704610186021,0.393429408544219,0.356013500003974,0.297543227208143,0.300244502776093,0.297364018213183,0.373615967474601,0.347082243645072,0.251508974518448,0.324832243024553,0.332465866731253,0.373459610871875,0.296065934361251,0.356479339678278,0.349888303842997,0.326586087076777,0.328552000664656,0.352717437082508,0.171957588436229,0.178948343654411,0.149290136764061,0.256987263638757,0.257686401678021,0.332317646469856
"14",0.269956254633577,0.420596682976226,0.537231393297276,0.506501273481049,0.422978656839055,0.581163500524325,0.613012732260412,0.636436635139652,0.669045503922331,0.625945390993923,0.659056038493138,0.616932573347054,0.728274179924625,1,0.74957215333416,0.695827291594227,0.63452596138243,0.58788603375334,0.540541898720336,0.612055087970376,0.546481938396251,0.597343844894613,0.587784134591097,0.523557536257229,0.345615467440093,0.55272398082896,0.538530970695376,0.453956975214313,0.401758207246283,0.487229650527218,0.447009095491978,0.434855405431174,0.481057120554425,0.497188000151886,0.485873588820443,0.437733896998239,0.3703839195935,0.4454768590686,0.441921071724232,0.42573127067465,0.354092800753519,0.508357762137748,0.507575518931835,0.53797680832432,0.508496159458675,0.467108637981707,0.511781227697224,0.451306679794273,0.375520615289971,0.43886131713041,0.506867269217042,0.551023167799108,0.533496545612216,0.52529914130232,0.50266492967592,0.434505510540797,0.411764958949499,0.370789806141127,0.323114458100247,0.318213094408886,0.285539937618379,0.400776282770593,0.372220241393598,0.306869681330564,0.348878981787342,0.360733604988154,0.409497930855804,0.334870712001333,0.381402146135747,0.380720855083218,0.321626742419667,0.377333337211736,0.375271059590919,0.182374196798619,0.179556356507044,0.183513971875858,0.318621228735245,0.298389460550848,0.378036324455573
"15",0.318196780746033,0.440961401782127,0.513373967828622,0.530590540363396,0.388507457452962,0.512855680454681,0.54398581747128,0.552731523265535,0.520352305419883,0.549232009947915,0.613060097584867,0.559899235007067,0.62527157976686,0.74957215333416,1,0.753094587598711,0.636471987729846,0.552542075301261,0.545315820313869,0.558367366950821,0.505801900954836,0.543756150058717,0.496432247046828,0.454578488368571,0.350514555886626,0.482630268789655,0.496795896876292,0.416334142519605,0.372846475333248,0.41011334578767,0.418059834293599,0.387865533438973,0.441433083766917,0.45096142274107,0.433406418482221,0.352788619853201,0.315285709669239,0.369807387704808,0.375780477166794,0.332905207346658,0.291508645666367,0.476786654969716,0.429071919843418,0.48123908315395,0.443114011191247,0.410696686176713,0.464992025324519,0.443469677398818,0.345288421775018,0.400555274065876,0.437419655764433,0.480464338890878,0.48964913206685,0.458569889648975,0.435397933392797,0.38526055676132,0.374337672027843,0.351226189587116,0.295949401779249,0.282421476290105,0.289879268690111,0.36625128264767,0.350241864399561,0.291385950589839,0.345937983222263,0.319686380351772,0.37488751321805,0.321689779763651,0.388187000016837,0.379315965713799,0.317882858264706,0.411697306946748,0.387143192456221,0.163036150881063,0.17177376393225,0.196696760451055,0.267395648462809,0.259449732745104,0.341660053135643
"16",0.276648653637323,0.414519159456768,0.494854088495948,0.488498300335727,0.349136444165269,0.494959788781095,0.594036590825343,0.599921800894635,0.555067579916206,0.56636278656718,0.604117975845812,0.586330401284119,0.598989214201431,0.695827291594227,0.753094587598711,1,0.753403699967858,0.703283444851423,0.640081775523602,0.661761947627571,0.61889870964048,0.648106360938155,0.633707067212014,0.552889766407195,0.437909140226202,0.567335220198628,0.603180011030508,0.516989501118786,0.462762692338901,0.499306850423927,0.521602258311112,0.479512843445454,0.539440269688866,0.538846229424114,0.523435189503883,0.439059880576043,0.403639173444106,0.438598872091933,0.441986242257013,0.394599673154212,0.36295040157166,0.570988768033822,0.527538313124057,0.563600312400924,0.530259021381612,0.471456228636516,0.583400884438119,0.528557822205661,0.407916024815078,0.455009349909536,0.512336413491487,0.530049528866068,0.470191287941079,0.481394059880816,0.491190225353744,0.38052714435221,0.37732956855766,0.357268530461355,0.307343291707665,0.290704375208305,0.269996426066684,0.330031653495345,0.30994217107491,0.252950893645332,0.33179172818754,0.32740359155984,0.369354315562584,0.307504086029627,0.346260739619322,0.346162114543522,0.316209074169649,0.320965215811915,0.332893351097919,0.14134482815108,0.155256954482684,0.154389676460008,0.253568245926407,0.272432118843459,0.373620016970573
"17",0.2746909951476,0.407472607212519,0.492988656334165,0.476155479478916,0.335110757154008,0.473285981812743,0.627138033923299,0.614926635745766,0.533044041820703,0.560650574253641,0.62042073664775,0.562617761604312,0.581566086394212,0.63452596138243,0.636471987729846,0.753403699967858,1,0.760203146484169,0.628726800062599,0.666865469945165,0.637710756150295,0.679016958772569,0.694747690744953,0.63424351242619,0.529207661671158,0.556672663496318,0.663614272642803,0.630856589077497,0.496832323370225,0.589574207359152,0.63420672100684,0.612635003443601,0.629184602590994,0.564104977293289,0.54552379339486,0.561366818031928,0.525445635567855,0.555668290774867,0.549782863971923,0.481358165344497,0.48849670919586,0.669793495492481,0.591477958214538,0.647493111478018,0.605671306459966,0.547577094330947,0.624467768916036,0.572060127033314,0.574601141266171,0.573534535962284,0.602048878340272,0.568689266924826,0.491272249266045,0.541748930208,0.519704330339616,0.444792960210718,0.451704956252114,0.421117219237629,0.385893711687414,0.358096892972216,0.357248548152965,0.351122486686855,0.348829845186668,0.313448303532706,0.349964003371504,0.404931405971013,0.399101228204134,0.303003803075481,0.356299129458028,0.352941144007507,0.381639404251142,0.310059057388263,0.350611805927241,0.186137914577515,0.169686964412898,0.14157627877041,0.280923908580852,0.263646138696936,0.360265003298583
"18",0.250945867255719,0.359343734792602,0.415675809718566,0.418525804516656,0.30931318611738,0.4350559657451,0.640073487463831,0.60567601996455,0.516421506793394,0.535550945116163,0.609591054392267,0.583106379617934,0.53383711447216,0.58788603375334,0.552542075301261,0.703283444851423,0.760203146484169,1,0.686659701584868,0.689689697278016,0.688534850961913,0.656272531799258,0.723398375086821,0.66890023215398,0.581804534737081,0.562563619016955,0.668636010805675,0.604093635266486,0.52539931578674,0.597824055927632,0.584959819429785,0.581250354901471,0.597130774856968,0.572632446853105,0.535451738501505,0.495997008659876,0.467266205448383,0.492205290587436,0.49858735634644,0.436074875555876,0.413819094881842,0.583070147936256,0.537650587351469,0.577769704489962,0.583603719778978,0.456826058440198,0.556878079987084,0.471599013178303,0.498754237430625,0.479266716358394,0.535044831193323,0.517886548734782,0.432862003146571,0.491778805933195,0.489579528134403,0.396710799983117,0.379531583213093,0.367888350908465,0.291679467547701,0.267131083383163,0.272778630212329,0.326631382835158,0.289535064520821,0.238358900016992,0.289013105818167,0.322303280647101,0.35814180503867,0.278097438119765,0.310664384210422,0.307580267762755,0.318326185768544,0.286006549646106,0.30447058276861,0.160606797298256,0.13521606384099,0.143478721327023,0.257073271940602,0.245821083401262,0.326417374990038
"19",0.277295043169434,0.350260322029006,0.41559309863676,0.396609636775035,0.290047695042897,0.429484283612885,0.536056346272715,0.559072041963537,0.492065105190649,0.488451292613659,0.544358000036168,0.527927132792727,0.506371342468243,0.540541898720336,0.545315820313869,0.640081775523602,0.628726800062599,0.686659701584867,1,0.722488048027842,0.658290971926989,0.624430058713551,0.644056758532633,0.581713127276283,0.484413945319318,0.538242464219422,0.586871362664847,0.538099027257755,0.441123325565543,0.509738855033697,0.481582492856076,0.489724116328859,0.528767332433609,0.479990502396468,0.466447423076134,0.412252496772094,0.387394552229926,0.41943545311917,0.428542437579168,0.367785345375324,0.339870668234976,0.527214777752419,0.494676645880831,0.532708482903918,0.514868522806923,0.392588860289097,0.446125362054176,0.407993276865612,0.393147691449383,0.401901442829292,0.44320322167957,0.480798188097308,0.394980704900008,0.446912154470163,0.438920395038949,0.356657216666994,0.337845257072259,0.32547252058712,0.282458577842727,0.255575495645886,0.278366805128622,0.278036828493446,0.26444254011872,0.227029740246054,0.26826185087029,0.289169934083232,0.329461961765065,0.240038031132964,0.281185558690681,0.298905277806948,0.282512601092637,0.256031413754954,0.278543122525915,0.143318386359342,0.153187861692113,0.134329588676903,0.206263472673164,0.225263847857343,0.279886513234566
"20",0.272536955167229,0.368264134453942,0.488660741751161,0.441567989242941,0.340411676791939,0.491494648964398,0.623380989125856,0.65744607822919,0.55360306870748,0.552754789745681,0.565429935891851,0.586779265806559,0.593225300409888,0.612055087970376,0.558367366950821,0.661761947627571,0.666865469945165,0.689689697278016,0.722488048027842,1,0.786015081151123,0.756355456900593,0.734276961162027,0.665889961880427,0.501132602073231,0.565538471186911,0.643379190215354,0.577010009791443,0.472963351785435,0.537410862578991,0.517732687647683,0.49699428228139,0.552866040964394,0.505622038002812,0.498373903502148,0.444728351334168,0.380268742274722,0.426070495773673,0.446998846177048,0.367319362205185,0.333883818409466,0.549770486222077,0.501481417529462,0.574804702144481,0.500891693369981,0.459424673976519,0.502708583056665,0.419979632778563,0.366695717623206,0.405679069919282,0.48969913802697,0.564669769648532,0.46293347136808,0.464462250639075,0.457890915180255,0.353104766434785,0.33803975930669,0.307222826655911,0.279500221942862,0.262338055641015,0.247895090866381,0.308177784222128,0.291469017182935,0.219863411523412,0.295084313568068,0.297426903605267,0.350420489042525,0.276761548756257,0.279612612604292,0.288520466977514,0.27378653893106,0.270486376785039,0.311665189356296,0.122598181265445,0.139928954021621,0.128888802903267,0.257137081567081,0.27110549748528,0.377364670006818
"21",0.243348247651074,0.32667388074809,0.440739647310507,0.40281474366285,0.299789160936998,0.45503210660957,0.636983747037869,0.639225868280503,0.52473406913641,0.547780795715349,0.584892931497983,0.560876238183006,0.527278622099553,0.546481938396251,0.505801900954836,0.61889870964048,0.637710756150295,0.688534850961913,0.658290971926989,0.786015081151123,1,0.798642977263047,0.749006901286614,0.69679052062592,0.591819997542783,0.597051328587244,0.696789336039988,0.635273905682033,0.550868487095666,0.596882648320751,0.524724893401422,0.555726561555854,0.63398877789872,0.555216198052602,0.55719520866931,0.499143384732178,0.401441923151047,0.47542658989899,0.483806813439467,0.380921448110215,0.362992516277839,0.520540709453772,0.494160698512259,0.563044307458988,0.55683020245328,0.454974480731432,0.460874542364523,0.377687175994059,0.41622502365129,0.410084458995013,0.490337813702506,0.496725095883714,0.406171099009793,0.470969648811305,0.464533873074552,0.355409858014598,0.336488788633642,0.301175457241442,0.271083665090362,0.261356000421227,0.24485905341103,0.30628417098781,0.286754755474826,0.240044693804985,0.271945147728788,0.292639816634161,0.328968268767274,0.255765010283841,0.2679877362472,0.286035879472414,0.269935669507147,0.250446969848017,0.300540765441064,0.157320917470567,0.107846425953659,0.115877942282095,0.232755085228153,0.252604572605037,0.326020751954743
"22",0.262926653088216,0.365161532917708,0.494396359026754,0.428966835689217,0.356960894776788,0.527421434813529,0.670063678891867,0.680775357610189,0.562597564157086,0.598783181345202,0.606868120260572,0.599359415105822,0.562362293613353,0.597343844894613,0.543756150058716,0.648106360938155,0.679016958772569,0.656272531799258,0.624430058713551,0.756355456900593,0.798642977263047,1,0.805045207081046,0.719398313648537,0.55108806727515,0.619196738303151,0.696315576360234,0.654030379311849,0.543175832206424,0.608475395535782,0.601925928784544,0.580128230146083,0.639918704761685,0.56628244553647,0.556112035985114,0.537518073892947,0.496253496714764,0.53847305606506,0.546436821923712,0.471992395756229,0.440711075922975,0.634709251156626,0.570596229991393,0.623667009073078,0.578898689865679,0.555890569750658,0.5720461568591,0.491985825237311,0.482528795837029,0.511322065220911,0.575675913515384,0.573624744382544,0.505439029854396,0.512954273644097,0.527169298067908,0.4371849809211,0.438454846261559,0.377963700442451,0.343322886165639,0.35459531600613,0.318053521759612,0.355709898299109,0.345569385504899,0.286818263894578,0.340746965278103,0.382395145534224,0.398005147478517,0.303151572247837,0.329484016796386,0.34497538267128,0.369388236090547,0.314603858875539,0.336538399689706,0.172895225706712,0.150618718749392,0.137313696942797,0.280859108220927,0.2884843774275,0.37395589223429
"23",0.234712811868011,0.349042363396891,0.459302457775364,0.416795725737792,0.344482206395398,0.483623821937458,0.695022486066931,0.669702787249961,0.547090559941616,0.592714390538594,0.630776160866339,0.602807023183225,0.53711969918225,0.587784134591097,0.496432247046828,0.633707067212014,0.694747690744953,0.723398375086821,0.644056758532633,0.734276961162027,0.749006901286614,0.805045207081046,1,0.846218798388597,0.63104458126032,0.634133936095764,0.763097920983563,0.732668116038758,0.59312089259868,0.686052986333566,0.691923646668186,0.705196313778871,0.687957608563781,0.621196313092444,0.591652316254635,0.623556741805844,0.591386281083065,0.633141844962264,0.632999303433407,0.554615956515834,0.529233257115851,0.686654818304678,0.645737005574328,0.677088258493956,0.656346628084306,0.590303654878307,0.606276443465727,0.5260423270078,0.615934912186021,0.608975408024301,0.645425723179625,0.605676319657465,0.524471699813365,0.556665822882896,0.549583989181987,0.464474310350057,0.478273531281151,0.422702774854937,0.38149387531811,0.370630965774897,0.343837539432602,0.378377128630278,0.374129463176699,0.302956015174019,0.348156450182342,0.421206430766194,0.413758401865519,0.295375448335043,0.348785937133786,0.338573585460126,0.39418706612116,0.316396886337744,0.338840957085426,0.201230861919212,0.168303043151204,0.137628230016461,0.285134967722006,0.277099061823939,0.355670073662802
"24",0.200686053230701,0.296368356419306,0.395803258197745,0.351517037471986,0.294243231912672,0.434101459439507,0.680861007923763,0.632459415376615,0.508346073379144,0.549544428896318,0.567588938534934,0.5199951744123,0.480375264955689,0.523557536257229,0.454578488368571,0.552889766407195,0.63424351242619,0.66890023215398,0.581713127276283,0.665889961880427,0.69679052062592,0.719398313648537,0.846218798388597,1,0.698365256445297,0.60929611392808,0.757625312771023,0.740412990304374,0.623156948095392,0.691477836953103,0.680825100499051,0.707314248399303,0.676055267384996,0.581533523368607,0.564007556958799,0.618372403171033,0.566370448428348,0.64074012367371,0.618129115530377,0.549568596039648,0.529365853309736,0.638781342739766,0.620039687477226,0.648597319315228,0.654227480106821,0.560521846219386,0.553434080588894,0.507418089033278,0.630545657905621,0.599214085963775,0.598337203899615,0.532550539018974,0.445031601143518,0.49134778792463,0.500074654252548,0.430251066998446,0.448889042403727,0.389986419239758,0.359673183953117,0.354172572360339,0.328919452214417,0.339500528290796,0.340529954047884,0.279380250143837,0.319964283259139,0.384442040385211,0.384729743060811,0.269265285744424,0.332886904279574,0.318052938434483,0.387919778564927,0.313482109410679,0.32839360998841,0.186271525854897,0.160871463537391,0.122538104707059,0.247432914939536,0.232673789662639,0.30266973553843
"25",0.210597911517965,0.254668833789937,0.316932481135022,0.288032102470195,0.202434807686146,0.313715406152158,0.566881135194116,0.516866868993557,0.374033929262522,0.388728769591187,0.433831897749592,0.392938343057784,0.35865232438419,0.345615467440093,0.350514555886626,0.437909140226202,0.529207661671158,0.581804534737081,0.484413945319318,0.501132602073231,0.591819997542783,0.55108806727515,0.63104458126032,0.698365256445297,1,0.522864601423145,0.672219966834154,0.665378832131859,0.627981003635558,0.614436832352848,0.595783447279604,0.60329527356731,0.582296125589747,0.506326782517489,0.481167497950136,0.505521871680569,0.457696716168603,0.516474562150634,0.489752512720666,0.389259560199131,0.413160721027977,0.483466825323787,0.456289056830266,0.520889206405703,0.583907014198502,0.385429489191309,0.395275687703055,0.347534060006903,0.524565674169817,0.46504912040405,0.454510820403138,0.418497983616129,0.324015008557515,0.408130704557702,0.374675379230343,0.322070029716513,0.31608730448845,0.280921170607927,0.247126404359061,0.224730915316574,0.250031772466747,0.202338120190023,0.2165020789172,0.192832899178567,0.222274302846308,0.250047561760775,0.248194215923577,0.161125234110629,0.241338715460743,0.2054012762593,0.28105793173292,0.220985542924755,0.220858260236805,0.134889530001178,0.0939660631115201,0.0916036170753808,0.157498896316442,0.167796377359331,0.204422830717351
"26",0.193179590714328,0.295057576656299,0.419255994504296,0.376204258984751,0.268010559662278,0.426268229043158,0.599827320821195,0.587063298524818,0.518263185918254,0.518048708456605,0.545075697480365,0.537815646129118,0.497879175914049,0.55272398082896,0.482630268789655,0.567335220198628,0.556672663496318,0.562563619016955,0.538242464219422,0.565538471186911,0.597051328587245,0.619196738303151,0.634133936095764,0.609296113928081,0.522864601423145,1,0.699025616060021,0.609834924929218,0.546783458818699,0.633766584958963,0.552909198350316,0.536607689449738,0.570491823797844,0.556059901263875,0.544390110798103,0.514724202029509,0.432029896078733,0.517824285187175,0.497281947156029,0.458596734580518,0.405181189926659,0.496958649507368,0.512701788158553,0.538208134228469,0.617961948628434,0.501121159799506,0.469700488707424,0.409647161407004,0.434696968828338,0.470687290902595,0.516187026752374,0.500833860151225,0.46081883910266,0.488908374273337,0.516321818473309,0.38934592439117,0.390545124888534,0.360577817670325,0.293192823215398,0.302143843508478,0.266819485314367,0.324046640939064,0.337074900974223,0.261706896654563,0.31078942916481,0.321172711750715,0.377462384328926,0.282489530429789,0.315791308195694,0.3333796114781,0.329967219893293,0.305842175301275,0.327278972067292,0.158156815097711,0.133629175011224,0.128680886659809,0.248342302636687,0.24310071105037,0.320791650316738
"27",0.210275424359991,0.311870460363769,0.444273194183706,0.393230258464049,0.29376633527155,0.477017347704887,0.711710894245914,0.681015528329416,0.561203783613319,0.569480861762374,0.602553721238209,0.578107438649203,0.532929407870512,0.538530970695376,0.496795896876292,0.603180011030508,0.663614272642803,0.668636010805675,0.586871362664847,0.643379190215354,0.696789336039988,0.696315576360234,0.763097920983563,0.757625312771023,0.672219966834154,0.699025616060021,1,0.830797053170073,0.729018797762919,0.777544102189819,0.721736748906458,0.74135986987953,0.755393836926525,0.64471680872672,0.634460127779912,0.652522806496561,0.586463574552395,0.673182371841081,0.654965917435147,0.574309001619741,0.565847948951724,0.649756672457236,0.64808332320389,0.689627073561988,0.732839361294165,0.596174003529773,0.578996018266504,0.517666554215578,0.618404500603706,0.611057192162234,0.642746594121307,0.56638943498426,0.484463296036992,0.549462250049379,0.547957273745474,0.468495041032344,0.466413029938861,0.424594333673379,0.357496288289646,0.359113188081538,0.352192190791861,0.353548086684339,0.350761491675216,0.299908685250133,0.342181174762423,0.379007735880387,0.401844619589888,0.285567203602967,0.34836980544103,0.339619786630613,0.397396603435383,0.318551228060522,0.34038250475469,0.217707290876398,0.168180794943192,0.116190461704044,0.280635569278116,0.244464932560142,0.326915339262852
"28",0.196482602179172,0.257758056663609,0.388865778289829,0.342209091616656,0.25628801959945,0.420267016283652,0.656133997818939,0.63234542754956,0.512753878874052,0.519140789143242,0.543833549743242,0.521392835014087,0.477599531342371,0.453956975214313,0.416334142519605,0.516989501118786,0.630856589077497,0.604093635266486,0.538099027257755,0.577010009791443,0.635273905682033,0.654030379311849,0.732668116038758,0.740412990304374,0.665378832131859,0.609834924929218,0.830797053170073,1,0.768928251052294,0.797581987830762,0.770387011795472,0.786924145402273,0.733606159423602,0.63568630113954,0.64578556331677,0.690590959691646,0.632488619494482,0.707534161047528,0.701637619095609,0.599784872013643,0.608188974316601,0.689848339233057,0.688704643341416,0.700959961058964,0.718070713125021,0.621265030871311,0.588139399707142,0.537021069293783,0.675415052054799,0.660832636369515,0.64205300256583,0.539350628422495,0.469946413045948,0.556539036142313,0.54119529964642,0.47621259371037,0.497739383196162,0.428176695277259,0.373540711169486,0.380475381033193,0.39660178639259,0.338465421968089,0.355536045671553,0.307455065208554,0.333462101716142,0.408122174912169,0.390314026990662,0.241160883138791,0.330175016215775,0.31871463075353,0.411779120313768,0.293070116508273,0.330038724941478,0.211792875632163,0.165662712989316,0.120124369151289,0.240955858007257,0.222947222651741,0.289960336670155
